25  97
0.000000000000000000e+00
1.000000000000000000e+00
2.000000000000000000e+00
3.000000000000000000e+00
4.000000000000000000e+00
5.000000000000000000e+00
6.000000000000000000e+00
7.000000000000000000e+00
8.000000000000000000e+00
9.000000000000000000e+00
1.000000000000000000e+01
1.100000000000000000e+01
1.200000000000000000e+01
1.300000000000000000e+01
1.400000000000000000e+01
1.500000000000000000e+01
1.600000000000000000e+01
1.700000000000000000e+01
1.800000000000000000e+01
1.900000000000000000e+01
2.000000000000000000e+01
2.100000000000000000e+01
2.200000000000000000e+01
2.300000000000000000e+01
2.400000000000000000e+01
-9.000000000000000000e+01
-8.812382923984910121e+01
-8.623863592786570109e+01
-8.433443827733420051e+01
-8.240133187634350520e+01
-8.042953448926880355e+01
-7.840945520991679984e+01
-7.633179663012499816e+01
-7.418769889253880478e+01
-7.196893418027579514e+01
-6.966815890227729824e+01
-6.727922798827410134e+01
-6.479757067905329393e+01
-6.222061943205879686e+01
-5.954827282983629999e+01
-5.678336012901640117e+01
-5.393206084597319716e+01
-5.100422041685779817e+01
-4.801349660055240065e+01
-4.497727546022660050e+01
-4.191631389212800229e+01
-3.885409809542930049e+01
-3.581594978015060349e+01
-3.282795536743490317e+01
-2.991582667036210097e+01
-2.710381487766089847e+01
-2.441378890900649878e+01
-2.186455741699809963e+01
-1.947146976386940054e+01
-1.724628616300820028e+01
-1.519726977348410024e+01
-1.332942822645710024e+01
-1.164481851295619919e+01
-1.014282440666699969e+01
-8.820317651039870199e+00
-7.671626662812689901e+00
-6.688272975830479972e+00
-5.858517346988319829e+00
-5.166893144602109800e+00
-4.594046943296800301e+00
-4.117225263066970342e+00
-3.711511705759369839e+00
-3.351482550391529980e+00
-3.012578832773280091e+00
-2.671364266063140036e+00
-2.303628721495400100e+00
-1.877549437678569966e+00
-1.326872039392319902e+00
-7.728409664507170184e-08
1.326872039392319902e+00
1.877549437678569966e+00
2.303628721495400100e+00
2.671364266063140036e+00
3.012578832773280091e+00
3.351482550391529980e+00
3.711511705759360069e+00
4.117225263066970342e+00
4.594046943296789642e+00
5.166893144602109800e+00
5.858517346988319829e+00
6.688272975830479972e+00
7.671626662812680131e+00
8.820317651039870199e+00
1.014282440666699969e+01
1.164481851295619919e+01
1.332942822645710024e+01
1.519726977348410024e+01
1.724628616300820028e+01
1.947146976386940054e+01
2.186455741699809963e+01
2.441378890900639931e+01
2.710381487766089847e+01
2.991582667036210097e+01
3.282795536743479659e+01
3.581594978015060349e+01
3.885409809542930049e+01
4.191631389212800229e+01
4.497727546022660050e+01
4.801349660055240065e+01
5.100422041685779817e+01
5.393206084597309768e+01
5.678336012901630170e+01
5.954827282983629999e+01
6.222061943205879686e+01
6.479757067905329393e+01
6.727922798827410134e+01
6.966815890227729824e+01
7.196893418027579514e+01
7.418769889253870531e+01
7.633179663012499816e+01
7.840945520991679984e+01
8.042953448926870408e+01
8.240133187634340572e+01
8.433443827733420051e+01
8.623863592786570109e+01
8.812382923984900174e+01
9.000000000000000000e+01
1.000000000000000042e+36 1.000000000000000042e+36 1.000000000000000042e+36 1.000000000000000042e+36 1.000000000000000042e+36 1.000000000000000042e+36 1.000000000000000042e+36 1.000000000000000042e+36 1.000000000000000042e+36 1.000000000000000042e+36 1.000000000000000042e+36 1.000000000000000042e+36 1.000000000000000042e+36 1.000000000000000042e+36 1.000000000000000042e+36 1.000000000000000042e+36 1.000000000000000042e+36 1.000000000000000042e+36 1.000000000000000042e+36 1.000000000000000042e+36 1.000000000000000042e+36 1.000000000000000042e+36 1.000000000000000042e+36 1.000000000000000042e+36 1.000000000000000042e+36 1.000000000000000042e+36 1.000000000000000042e+36 1.000000000000000042e+36 1.000000000000000042e+36 1.000000000000000042e+36 1.000000000000000042e+36 1.000000000000000042e+36 1.000000000000000042e+36 1.000000000000000042e+36 1.000000000000000042e+36 1.000000000000000042e+36 1.000000000000000042e+36 1.000000000000000042e+36 1.000000000000000042e+36 1.000000000000000042e+36 1.000000000000000042e+36 1.000000000000000042e+36 1.000000000000000042e+36 1.000000000000000042e+36 1.000000000000000042e+36 1.000000000000000042e+36 1.000000000000000042e+36 1.000000000000000042e+36 1.000000000000000042e+36 1.000000000000000042e+36 1.000000000000000042e+36 1.000000000000000042e+36 1.000000000000000042e+36 1.000000000000000042e+36 1.000000000000000042e+36 1.000000000000000042e+36 1.000000000000000042e+36 1.000000000000000042e+36 1.000000000000000042e+36 1.000000000000000042e+36 1.000000000000000042e+36 1.000000000000000042e+36 1.000000000000000042e+36 1.000000000000000042e+36 1.000000000000000042e+36 1.000000000000000042e+36 1.000000000000000042e+36 1.000000000000000042e+36 1.000000000000000042e+36 1.000000000000000042e+36 1.000000000000000042e+36 1.000000000000000042e+36 1.000000000000000042e+36 1.000000000000000042e+36 1.000000000000000042e+36 1.000000000000000042e+36 1.000000000000000042e+36 1.000000000000000042e+36 1.000000000000000042e+36 1.000000000000000042e+36 1.000000000000000042e+36 -2.034570535292427262e+00 -3.244467669205022720e+00 -2.039310744956014165e+00 1.996488667735548006e+00 7.289504473291703590e+00 1.166930514882195524e+01 1.381213278679204670e+01 1.329735067675436788e+01 1.021049774253404507e+01 5.159663802086931206e+00 -6.552580945945341018e-01 -5.851960471661679541e+00 -9.561659846654329442e+00 0.000000000000000000e+00 -1.319257438705783336e+01 -1.434953865313651988e+01
1.000000000000000042e+36 1.000000000000000042e+36 1.000000000000000042e+36 1.000000000000000042e+36 1.000000000000000042e+36 1.000000000000000042e+36 1.000000000000000042e+36 1.000000000000000042e+36 1.000000000000000042e+36 1.000000000000000042e+36 1.000000000000000042e+36 1.000000000000000042e+36 1.000000000000000042e+36 1.000000000000000042e+36 1.000000000000000042e+36 1.000000000000000042e+36 1.000000000000000042e+36 1.000000000000000042e+36 1.000000000000000042e+36 1.000000000000000042e+36 1.000000000000000042e+36 1.000000000000000042e+36 1.000000000000000042e+36 1.000000000000000042e+36 1.000000000000000042e+36 1.000000000000000042e+36 1.000000000000000042e+36 1.000000000000000042e+36 1.000000000000000042e+36 1.000000000000000042e+36 1.000000000000000042e+36 1.000000000000000042e+36 1.000000000000000042e+36 1.000000000000000042e+36 1.000000000000000042e+36 1.000000000000000042e+36 1.000000000000000042e+36 1.000000000000000042e+36 1.000000000000000042e+36 1.000000000000000042e+36 1.000000000000000042e+36 1.000000000000000042e+36 1.000000000000000042e+36 1.000000000000000042e+36 1.000000000000000042e+36 1.000000000000000042e+36 1.000000000000000042e+36 1.000000000000000042e+36 1.000000000000000042e+36 1.000000000000000042e+36 1.000000000000000042e+36 1.000000000000000042e+36 1.000000000000000042e+36 1.000000000000000042e+36 1.000000000000000042e+36 1.000000000000000042e+36 1.000000000000000042e+36 1.000000000000000042e+36 1.000000000000000042e+36 1.000000000000000042e+36 1.000000000000000042e+36 1.000000000000000042e+36 1.000000000000000042e+36 1.000000000000000042e+36 1.000000000000000042e+36 1.000000000000000042e+36 1.000000000000000042e+36 1.000000000000000042e+36 1.000000000000000042e+36 1.000000000000000042e+36 1.000000000000000042e+36 1.000000000000000042e+36 1.000000000000000042e+36 1.000000000000000042e+36 1.000000000000000042e+36 1.000000000000000042e+36 1.000000000000000042e+36 1.000000000000000042e+36 1.000000000000000042e+36 1.000000000000000042e+36 1.000000000000000042e+36 -8.419009096864060737e-01 -8.038104225043274376e-01 2.097572355086904317e+00 8.507641514254535409e+00 1.631236561683462227e+01 2.251407695443259271e+01 2.555890210551531183e+01 2.543470133557254442e+01 2.255853150187561695e+01 1.732210608044689337e+01 1.042581031903612576e+01 3.065580524439583510e+00 -3.476503785069226637e+00 -8.448063411678495171e+00 -1.188718814276163727e+01 -1.434953865313651988e+01
1.000000000000000042e+36 1.000000000000000042e+36 1.000000000000000042e+36 1.000000000000000042e+36 1.000000000000000042e+36 1.000000000000000042e+36 1.000000000000000042e+36 1.000000000000000042e+36 1.000000000000000042e+36 1.000000000000000042e+36 1.000000000000000042e+36 1.000000000000000042e+36 1.000000000000000042e+36 1.000000000000000042e+36 1.000000000000000042e+36 1.000000000000000042e+36 1.000000000000000042e+36 1.000000000000000042e+36 1.000000000000000042e+36 1.000000000000000042e+36 1.000000000000000042e+36 1.000000000000000042e+36 1.000000000000000042e+36 1.000000000000000042e+36 1.000000000000000042e+36 1.000000000000000042e+36 1.000000000000000042e+36 1.000000000000000042e+36 1.000000000000000042e+36 1.000000000000000042e+36 1.000000000000000042e+36 1.000000000000000042e+36 1.000000000000000042e+36 1.000000000000000042e+36 1.000000000000000042e+36 1.000000000000000042e+36 1.000000000000000042e+36 1.000000000000000042e+36 1.000000000000000042e+36 1.000000000000000042e+36 1.000000000000000042e+36 1.000000000000000042e+36 1.000000000000000042e+36 1.000000000000000042e+36 1.000000000000000042e+36 1.000000000000000042e+36 1.000000000000000042e+36 1.000000000000000042e+36 1.000000000000000042e+36 1.000000000000000042e+36 1.000000000000000042e+36 1.000000000000000042e+36 1.000000000000000042e+36 1.000000000000000042e+36 1.000000000000000042e+36 1.000000000000000042e+36 1.000000000000000042e+36 1.000000000000000042e+36 1.000000000000000042e+36 1.000000000000000042e+36 1.000000000000000042e+36 1.000000000000000042e+36 1.000000000000000042e+36 1.000000000000000042e+36 1.000000000000000042e+36 1.000000000000000042e+36 1.000000000000000042e+36 1.000000000000000042e+36 1.000000000000000042e+36 1.000000000000000042e+36 1.000000000000000042e+36 1.000000000000000042e+36 1.000000000000000042e+36 1.000000000000000042e+36 1.000000000000000042e+36 1.000000000000000042e+36 1.000000000000000042e+36 1.000000000000000042e+36 1.000000000000000042e+36 1.000000000000000042e+36 1.000000000000000042e+36 1.349802984236063153e-01 9.177246353245197552e-01 4.493619519212198377e+00 1.238794632980318688e+01 2.250351433879050589e+01 3.076523450599619736e+01 3.476508351554147680e+01 3.469995379108080868e+01 3.169007552350634782e+01 2.636771592312058488e+01 1.902437283924426481e+01 1.038314987875693696e+01 1.775073115089255582e+00 -5.463305483216507774e+00 -1.072379236705269712e+01 -1.434953865313651811e+01
1.000000000000000042e+36 1.000000000000000042e+36 1.000000000000000042e+36 1.000000000000000042e+36 1.000000000000000042e+36 1.000000000000000042e+36 1.000000000000000042e+36 1.000000000000000042e+36 1.000000000000000042e+36 1.000000000000000042e+36 1.000000000000000042e+36 1.000000000000000042e+36 1.000000000000000042e+36 1.000000000000000042e+36 1.000000000000000042e+36 1.000000000000000042e+36 1.000000000000000042e+36 1.000000000000000042e+36 1.000000000000000042e+36 1.000000000000000042e+36 1.000000000000000042e+36 1.000000000000000042e+36 1.000000000000000042e+36 1.000000000000000042e+36 1.000000000000000042e+36 1.000000000000000042e+36 1.000000000000000042e+36 1.000000000000000042e+36 1.000000000000000042e+36 1.000000000000000042e+36 1.000000000000000042e+36 1.000000000000000042e+36 1.000000000000000042e+36 1.000000000000000042e+36 1.000000000000000042e+36 1.000000000000000042e+36 1.000000000000000042e+36 1.000000000000000042e+36 1.000000000000000042e+36 1.000000000000000042e+36 1.000000000000000042e+36 1.000000000000000042e+36 1.000000000000000042e+36 1.000000000000000042e+36 1.000000000000000042e+36 1.000000000000000042e+36 1.000000000000000042e+36 1.000000000000000042e+36 1.000000000000000042e+36 1.000000000000000042e+36 1.000000000000000042e+36 1.000000000000000042e+36 1.000000000000000042e+36 1.000000000000000042e+36 1.000000000000000042e+36 1.000000000000000042e+36 1.000000000000000042e+36 1.000000000000000042e+36 1.000000000000000042e+36 1.000000000000000042e+36 1.000000000000000042e+36 1.000000000000000042e+36 1.000000000000000042e+36 1.000000000000000042e+36 1.000000000000000042e+36 1.000000000000000042e+36 1.000000000000000042e+36 1.000000000000000042e+36 1.000000000000000042e+36 1.000000000000000042e+36 1.000000000000000042e+36 1.000000000000000042e+36 1.000000000000000042e+36 1.000000000000000042e+36 1.000000000000000042e+36 1.000000000000000042e+36 1.000000000000000042e+36 1.000000000000000042e+36 1.000000000000000042e+36 1.000000000000000042e+36 1.000000000000000042e+36 5.316709086620039493e-01 1.846948336514790734e+00 5.365814743705251466e+00 1.359227443536127922e+01 2.530917745691494503e+01 3.577646921354069320e+01 4.115198243310813098e+01 4.106454531507496597e+01 3.727422156031190070e+01 3.128335357301245878e+01 2.360268349149315981e+01 1.456246954627075496e+01 5.108381524710287280e+00 -3.364201933104691733e+00 -9.842654480998398014e+00 -1.434953865313651811e+01
1.000000000000000042e+36 1.000000000000000042e+36 1.000000000000000042e+36 1.000000000000000042e+36 1.000000000000000042e+36 1.000000000000000042e+36 1.000000000000000042e+36 1.000000000000000042e+36 1.000000000000000042e+36 1.000000000000000042e+36 1.000000000000000042e+36 1.000000000000000042e+36 1.000000000000000042e+36 1.000000000000000042e+36 1.000000000000000042e+36 1.000000000000000042e+36 1.000000000000000042e+36 1.000000000000000042e+36 1.000000000000000042e+36 1.000000000000000042e+36 1.000000000000000042e+36 1.000000000000000042e+36 1.000000000000000042e+36 1.000000000000000042e+36 1.000000000000000042e+36 1.000000000000000042e+36 1.000000000000000042e+36 1.000000000000000042e+36 1.000000000000000042e+36 1.000000000000000042e+36 1.000000000000000042e+36 1.000000000000000042e+36 1.000000000000000042e+36 1.000000000000000042e+36 1.000000000000000042e+36 1.000000000000000042e+36 1.000000000000000042e+36 1.000000000000000042e+36 1.000000000000000042e+36 1.000000000000000042e+36 1.000000000000000042e+36 1.000000000000000042e+36 1.000000000000000042e+36 1.000000000000000042e+36 1.000000000000000042e+36 1.000000000000000042e+36 1.000000000000000042e+36 1.000000000000000042e+36 1.000000000000000042e+36 1.000000000000000042e+36 1.000000000000000042e+36 1.000000000000000042e+36 1.000000000000000042e+36 1.000000000000000042e+36 1.000000000000000042e+36 1.000000000000000042e+36 1.000000000000000042e+36 1.000000000000000042e+36 1.000000000000000042e+36 1.000000000000000042e+36 1.000000000000000042e+36 1.000000000000000042e+36 1.000000000000000042e+36 1.000000000000000042e+36 1.000000000000000042e+36 1.000000000000000042e+36 1.000000000000000042e+36 1.000000000000000042e+36 1.000000000000000042e+36 1.000000000000000042e+36 1.000000000000000042e+36 1.000000000000000042e+36 1.000000000000000042e+36 1.000000000000000042e+36 1.000000000000000042e+36 1.000000000000000042e+36 1.000000000000000042e+36 1.000000000000000042e+36 1.000000000000000042e+36 1.000000000000000042e+36 1.000000000000000042e+36 2.703947489180320574e-01 1.987288622043694053e+00 5.163746542136984807e+00 1.266725605740099425e+01 2.470936022126596399e+01 3.697560728488386417e+01 4.434106137522369551e+01 4.497392646728229693e+01 4.046759192909243552e+01 3.328275663664717143e+01 2.486175599825254068e+01 1.569484167398415764e+01 6.289429335167823432e+00 -2.381032462679792516e+00 -9.336202581221936470e+00 -1.434953865313651811e+01
1.000000000000000042e+36 1.000000000000000042e+36 1.000000000000000042e+36 1.000000000000000042e+36 1.000000000000000042e+36 1.000000000000000042e+36 1.000000000000000042e+36 1.000000000000000042e+36 1.000000000000000042e+36 1.000000000000000042e+36 1.000000000000000042e+36 1.000000000000000042e+36 1.000000000000000042e+36 1.000000000000000042e+36 1.000000000000000042e+36 1.000000000000000042e+36 1.000000000000000042e+36 1.000000000000000042e+36 1.000000000000000042e+36 1.000000000000000042e+36 1.000000000000000042e+36 1.000000000000000042e+36 1.000000000000000042e+36 1.000000000000000042e+36 1.000000000000000042e+36 1.000000000000000042e+36 1.000000000000000042e+36 1.000000000000000042e+36 1.000000000000000042e+36 1.000000000000000042e+36 1.000000000000000042e+36 1.000000000000000042e+36 1.000000000000000042e+36 1.000000000000000042e+36 1.000000000000000042e+36 1.000000000000000042e+36 1.000000000000000042e+36 1.000000000000000042e+36 1.000000000000000042e+36 1.000000000000000042e+36 1.000000000000000042e+36 1.000000000000000042e+36 1.000000000000000042e+36 1.000000000000000042e+36 1.000000000000000042e+36 1.000000000000000042e+36 1.000000000000000042e+36 1.000000000000000042e+36 1.000000000000000042e+36 1.000000000000000042e+36 1.000000000000000042e+36 1.000000000000000042e+36 1.000000000000000042e+36 1.000000000000000042e+36 1.000000000000000042e+36 1.000000000000000042e+36 1.000000000000000042e+36 1.000000000000000042e+36 1.000000000000000042e+36 1.000000000000000042e+36 1.000000000000000042e+36 1.000000000000000042e+36 1.000000000000000042e+36 1.000000000000000042e+36 1.000000000000000042e+36 1.000000000000000042e+36 1.000000000000000042e+36 1.000000000000000042e+36 1.000000000000000042e+36 1.000000000000000042e+36 1.000000000000000042e+36 1.000000000000000042e+36 1.000000000000000042e+36 1.000000000000000042e+36 1.000000000000000042e+36 1.000000000000000042e+36 1.000000000000000042e+36 1.000000000000000042e+36 1.000000000000000042e+36 1.000000000000000042e+36 1.000000000000000042e+36 1.000000000000000042e+36 1.454773491639566485e+00 4.241875428917029289e+00 1.047599838335445632e+01 2.148868316643540055e+01 3.436008024042793352e+01 4.371411725829081263e+01 4.610462062862432475e+01 4.193345276701293045e+01 3.388413483843099527e+01 2.446221604906362757e+01 1.494221200225515922e+01 5.820155117656615751e+00 -2.432342777207833873e+00 -9.232540223580734562e+00 -1.434953865313651455e+01
1.000000000000000042e+36 1.000000000000000042e+36 1.000000000000000042e+36 1.000000000000000042e+36 1.000000000000000042e+36 1.000000000000000042e+36 1.000000000000000042e+36 1.000000000000000042e+36 1.000000000000000042e+36 1.000000000000000042e+36 1.000000000000000042e+36 1.000000000000000042e+36 1.000000000000000042e+36 1.000000000000000042e+36 1.000000000000000042e+36 1.000000000000000042e+36 1.000000000000000042e+36 1.000000000000000042e+36 1.000000000000000042e+36 1.000000000000000042e+36 1.000000000000000042e+36 1.000000000000000042e+36 1.000000000000000042e+36 1.000000000000000042e+36 1.000000000000000042e+36 1.000000000000000042e+36 1.000000000000000042e+36 1.000000000000000042e+36 1.000000000000000042e+36 1.000000000000000042e+36 1.000000000000000042e+36 1.000000000000000042e+36 1.000000000000000042e+36 1.000000000000000042e+36 1.000000000000000042e+36 1.000000000000000042e+36 1.000000000000000042e+36 1.000000000000000042e+36 1.000000000000000042e+36 1.000000000000000042e+36 1.000000000000000042e+36 1.000000000000000042e+36 1.000000000000000042e+36 1.000000000000000042e+36 1.000000000000000042e+36 1.000000000000000042e+36 1.000000000000000042e+36 1.000000000000000042e+36 1.000000000000000042e+36 1.000000000000000042e+36 1.000000000000000042e+36 1.000000000000000042e+36 1.000000000000000042e+36 1.000000000000000042e+36 1.000000000000000042e+36 1.000000000000000042e+36 1.000000000000000042e+36 1.000000000000000042e+36 1.000000000000000042e+36 1.000000000000000042e+36 1.000000000000000042e+36 1.000000000000000042e+36 1.000000000000000042e+36 1.000000000000000042e+36 1.000000000000000042e+36 1.000000000000000042e+36 1.000000000000000042e+36 1.000000000000000042e+36 1.000000000000000042e+36 1.000000000000000042e+36 1.000000000000000042e+36 1.000000000000000042e+36 1.000000000000000042e+36 1.000000000000000042e+36 1.000000000000000042e+36 1.000000000000000042e+36 1.000000000000000042e+36 1.000000000000000042e+36 1.000000000000000042e+36 1.000000000000000042e+36 1.000000000000000042e+36 1.000000000000000042e+36 6.425873761560682018e-01 2.905868429208166237e+00 7.773674337491709885e+00 1.691226219652731544e+01 2.889979926740266336e+01 3.924598491294061375e+01 4.368953010554396599e+01 4.107114648743292662e+01 3.329671249930147781e+01 2.331918639448228703e+01 1.334645544161523389e+01 4.384246531967747273e+00 -3.269876865406479816e+00 -9.505798874305648738e+00 -1.434953865313651455e+01
1.000000000000000042e+36 1.000000000000000042e+36 1.000000000000000042e+36 1.000000000000000042e+36 1.000000000000000042e+36 1.000000000000000042e+36 1.000000000000000042e+36 1.000000000000000042e+36 1.000000000000000042e+36 1.000000000000000042e+36 1.000000000000000042e+36 1.000000000000000042e+36 1.000000000000000042e+36 1.000000000000000042e+36 1.000000000000000042e+36 1.000000000000000042e+36 1.000000000000000042e+36 1.000000000000000042e+36 1.000000000000000042e+36 1.000000000000000042e+36 1.000000000000000042e+36 1.000000000000000042e+36 1.000000000000000042e+36 1.000000000000000042e+36 1.000000000000000042e+36 1.000000000000000042e+36 1.000000000000000042e+36 1.000000000000000042e+36 1.000000000000000042e+36 1.000000000000000042e+36 1.000000000000000042e+36 1.000000000000000042e+36 1.000000000000000042e+36 1.000000000000000042e+36 1.000000000000000042e+36 1.000000000000000042e+36 1.000000000000000042e+36 1.000000000000000042e+36 1.000000000000000042e+36 1.000000000000000042e+36 1.000000000000000042e+36 1.000000000000000042e+36 1.000000000000000042e+36 1.000000000000000042e+36 1.000000000000000042e+36 1.000000000000000042e+36 1.000000000000000042e+36 1.000000000000000042e+36 1.000000000000000042e+36 1.000000000000000042e+36 1.000000000000000042e+36 1.000000000000000042e+36 1.000000000000000042e+36 1.000000000000000042e+36 1.000000000000000042e+36 1.000000000000000042e+36 1.000000000000000042e+36 1.000000000000000042e+36 1.000000000000000042e+36 1.000000000000000042e+36 1.000000000000000042e+36 1.000000000000000042e+36 1.000000000000000042e+36 1.000000000000000042e+36 1.000000000000000042e+36 1.000000000000000042e+36 1.000000000000000042e+36 1.000000000000000042e+36 1.000000000000000042e+36 1.000000000000000042e+36 1.000000000000000042e+36 1.000000000000000042e+36 1.000000000000000042e+36 1.000000000000000042e+36 1.000000000000000042e+36 1.000000000000000042e+36 1.000000000000000042e+36 1.000000000000000042e+36 1.000000000000000042e+36 1.000000000000000042e+36 1.000000000000000042e+36 1.000000000000000042e+36 4.790763240282448201e-04 1.577876776577407103e+00 5.095207434476430208e+00 1.209423890583827621e+01 2.209149655333837714e+01 3.194440401409216435e+01 3.766579141546225173e+01 3.704051925862415828e+01 3.069990973394206435e+01 2.118014212995641543e+01 1.117868550285617246e+01 2.390082714901961225e+00 -4.649677535963077979e+00 -1.009767121717240279e+01 -1.434953865313651455e+01
1.000000000000000042e+36 1.000000000000000042e+36 1.000000000000000042e+36 1.000000000000000042e+36 1.000000000000000042e+36 1.000000000000000042e+36 1.000000000000000042e+36 1.000000000000000042e+36 1.000000000000000042e+36 1.000000000000000042e+36 1.000000000000000042e+36 1.000000000000000042e+36 1.000000000000000042e+36 1.000000000000000042e+36 1.000000000000000042e+36 1.000000000000000042e+36 1.000000000000000042e+36 1.000000000000000042e+36 1.000000000000000042e+36 1.000000000000000042e+36 1.000000000000000042e+36 1.000000000000000042e+36 1.000000000000000042e+36 1.000000000000000042e+36 1.000000000000000042e+36 1.000000000000000042e+36 1.000000000000000042e+36 1.000000000000000042e+36 1.000000000000000042e+36 1.000000000000000042e+36 1.000000000000000042e+36 1.000000000000000042e+36 1.000000000000000042e+36 1.000000000000000042e+36 1.000000000000000042e+36 1.000000000000000042e+36 1.000000000000000042e+36 1.000000000000000042e+36 1.000000000000000042e+36 1.000000000000000042e+36 1.000000000000000042e+36 1.000000000000000042e+36 1.000000000000000042e+36 1.000000000000000042e+36 1.000000000000000042e+36 1.000000000000000042e+36 1.000000000000000042e+36 1.000000000000000042e+36 1.000000000000000042e+36 1.000000000000000042e+36 1.000000000000000042e+36 1.000000000000000042e+36 1.000000000000000042e+36 1.000000000000000042e+36 1.000000000000000042e+36 1.000000000000000042e+36 1.000000000000000042e+36 1.000000000000000042e+36 1.000000000000000042e+36 1.000000000000000042e+36 1.000000000000000042e+36 1.000000000000000042e+36 1.000000000000000042e+36 1.000000000000000042e+36 1.000000000000000042e+36 1.000000000000000042e+36 1.000000000000000042e+36 1.000000000000000042e+36 1.000000000000000042e+36 1.000000000000000042e+36 1.000000000000000042e+36 1.000000000000000042e+36 1.000000000000000042e+36 1.000000000000000042e+36 1.000000000000000042e+36 1.000000000000000042e+36 1.000000000000000042e+36 1.000000000000000042e+36 1.000000000000000042e+36 1.000000000000000042e+36 1.000000000000000042e+36 1.000000000000000042e+36 1.000000000000000042e+36 6.388172604319266590e-01 2.855438718696546641e+00 7.729644328593807678e+00 1.518655787827253612e+01 2.326771549514404214e+01 2.894327194685261162e+01 2.980455839062752688e+01 2.541047992403824551e+01 1.734478496769476408e+01 8.130372485878165634e+00 -1.135494320267289858e-01 -6.423171177241273178e+00 -1.093782933102302302e+01 -1.434953865313651811e+01
1.000000000000000042e+36 1.000000000000000042e+36 1.000000000000000042e+36 1.000000000000000042e+36 1.000000000000000042e+36 1.000000000000000042e+36 1.000000000000000042e+36 1.000000000000000042e+36 1.000000000000000042e+36 1.000000000000000042e+36 1.000000000000000042e+36 1.000000000000000042e+36 1.000000000000000042e+36 1.000000000000000042e+36 1.000000000000000042e+36 1.000000000000000042e+36 1.000000000000000042e+36 1.000000000000000042e+36 1.000000000000000042e+36 1.000000000000000042e+36 1.000000000000000042e+36 1.000000000000000042e+36 1.000000000000000042e+36 1.000000000000000042e+36 1.000000000000000042e+36 1.000000000000000042e+36 1.000000000000000042e+36 1.000000000000000042e+36 1.000000000000000042e+36 1.000000000000000042e+36 1.000000000000000042e+36 1.000000000000000042e+36 1.000000000000000042e+36 1.000000000000000042e+36 1.000000000000000042e+36 1.000000000000000042e+36 1.000000000000000042e+36 1.000000000000000042e+36 1.000000000000000042e+36 1.000000000000000042e+36 1.000000000000000042e+36 1.000000000000000042e+36 1.000000000000000042e+36 1.000000000000000042e+36 1.000000000000000042e+36 1.000000000000000042e+36 1.000000000000000042e+36 1.000000000000000042e+36 1.000000000000000042e+36 1.000000000000000042e+36 1.000000000000000042e+36 1.000000000000000042e+36 1.000000000000000042e+36 1.000000000000000042e+36 1.000000000000000042e+36 1.000000000000000042e+36 1.000000000000000042e+36 1.000000000000000042e+36 1.000000000000000042e+36 1.000000000000000042e+36 1.000000000000000042e+36 1.000000000000000042e+36 1.000000000000000042e+36 1.000000000000000042e+36 1.000000000000000042e+36 1.000000000000000042e+36 1.000000000000000042e+36 1.000000000000000042e+36 1.000000000000000042e+36 1.000000000000000042e+36 1.000000000000000042e+36 1.000000000000000042e+36 1.000000000000000042e+36 1.000000000000000042e+36 1.000000000000000042e+36 1.000000000000000042e+36 1.000000000000000042e+36 1.000000000000000042e+36 1.000000000000000042e+36 1.000000000000000042e+36 1.000000000000000042e+36 1.000000000000000042e+36 1.000000000000000042e+36 1.719812668979551484e-01 1.292308212272825108e+00 4.160249200754605248e+00 8.867844047763579596e+00 1.435526957674903414e+01 1.875057463927041468e+01 2.012506158858291627e+01 1.749644816288822469e+01 1.145000784312360054e+01 3.841989341950164061e+00 -3.239566783971108421e+00 -8.522701304285224211e+00 -1.195708501157073478e+01 -1.434953865313651811e+01
1.000000000000000042e+36 1.000000000000000042e+36 1.000000000000000042e+36 1.000000000000000042e+36 1.000000000000000042e+36 1.000000000000000042e+36 1.000000000000000042e+36 1.000000000000000042e+36 1.000000000000000042e+36 1.000000000000000042e+36 1.000000000000000042e+36 1.000000000000000042e+36 1.000000000000000042e+36 1.000000000000000042e+36 1.000000000000000042e+36 1.000000000000000042e+36 1.000000000000000042e+36 1.000000000000000042e+36 1.000000000000000042e+36 1.000000000000000042e+36 1.000000000000000042e+36 1.000000000000000042e+36 1.000000000000000042e+36 1.000000000000000042e+36 1.000000000000000042e+36 1.000000000000000042e+36 1.000000000000000042e+36 1.000000000000000042e+36 1.000000000000000042e+36 1.000000000000000042e+36 1.000000000000000042e+36 1.000000000000000042e+36 1.000000000000000042e+36 1.000000000000000042e+36 1.000000000000000042e+36 1.000000000000000042e+36 1.000000000000000042e+36 1.000000000000000042e+36 1.000000000000000042e+36 1.000000000000000042e+36 1.000000000000000042e+36 1.000000000000000042e+36 1.000000000000000042e+36 1.000000000000000042e+36 1.000000000000000042e+36 1.000000000000000042e+36 1.000000000000000042e+36 1.000000000000000042e+36 1.000000000000000042e+36 1.000000000000000042e+36 1.000000000000000042e+36 1.000000000000000042e+36 1.000000000000000042e+36 1.000000000000000042e+36 1.000000000000000042e+36 1.000000000000000042e+36 1.000000000000000042e+36 1.000000000000000042e+36 1.000000000000000042e+36 1.000000000000000042e+36 1.000000000000000042e+36 1.000000000000000042e+36 1.000000000000000042e+36 1.000000000000000042e+36 1.000000000000000042e+36 1.000000000000000042e+36 1.000000000000000042e+36 1.000000000000000042e+36 1.000000000000000042e+36 1.000000000000000042e+36 1.000000000000000042e+36 1.000000000000000042e+36 1.000000000000000042e+36 1.000000000000000042e+36 1.000000000000000042e+36 1.000000000000000042e+36 1.000000000000000042e+36 1.000000000000000042e+36 1.000000000000000042e+36 1.000000000000000042e+36 1.000000000000000042e+36 1.000000000000000042e+36 1.000000000000000042e+36 1.921162252978088000e-02 3.722157291558965131e-01 1.424506418755310699e+00 3.301493199413176427e+00 5.727752861215883229e+00 8.003499394313315918e+00 8.991151797353582609e+00 7.622658522274879722e+00 3.709048953677734684e+00 -1.731662544688751249e+00 -7.031220686164521894e+00 -1.089258617168035315e+01 -1.308599779759835258e+01 -1.434953865313651811e+01
1.000000000000000042e+36 1.000000000000000042e+36 1.000000000000000042e+36 1.000000000000000042e+36 1.000000000000000042e+36 1.000000000000000042e+36 1.000000000000000042e+36 1.000000000000000042e+36 1.000000000000000042e+36 1.000000000000000042e+36 1.000000000000000042e+36 1.000000000000000042e+36 1.000000000000000042e+36 1.000000000000000042e+36 1.000000000000000042e+36 1.000000000000000042e+36 1.000000000000000042e+36 1.000000000000000042e+36 1.000000000000000042e+36 1.000000000000000042e+36 1.000000000000000042e+36 1.000000000000000042e+36 1.000000000000000042e+36 1.000000000000000042e+36 1.000000000000000042e+36 1.000000000000000042e+36 1.000000000000000042e+36 1.000000000000000042e+36 1.000000000000000042e+36 1.000000000000000042e+36 1.000000000000000042e+36 1.000000000000000042e+36 1.000000000000000042e+36 1.000000000000000042e+36 1.000000000000000042e+36 1.000000000000000042e+36 1.000000000000000042e+36 1.000000000000000042e+36 1.000000000000000042e+36 1.000000000000000042e+36 1.000000000000000042e+36 1.000000000000000042e+36 1.000000000000000042e+36 1.000000000000000042e+36 1.000000000000000042e+36 1.000000000000000042e+36 1.000000000000000042e+36 1.000000000000000042e+36 1.000000000000000042e+36 1.000000000000000042e+36 1.000000000000000042e+36 1.000000000000000042e+36 1.000000000000000042e+36 1.000000000000000042e+36 1.000000000000000042e+36 1.000000000000000042e+36 1.000000000000000042e+36 1.000000000000000042e+36 1.000000000000000042e+36 1.000000000000000042e+36 1.000000000000000042e+36 1.000000000000000042e+36 1.000000000000000042e+36 1.000000000000000042e+36 1.000000000000000042e+36 1.000000000000000042e+36 1.000000000000000042e+36 1.000000000000000042e+36 1.000000000000000042e+36 1.000000000000000042e+36 1.000000000000000042e+36 1.000000000000000042e+36 1.000000000000000042e+36 1.000000000000000042e+36 1.000000000000000042e+36 1.000000000000000042e+36 1.000000000000000042e+36 1.000000000000000042e+36 1.000000000000000042e+36 1.000000000000000042e+36 1.000000000000000042e+36 1.000000000000000042e+36 1.000000000000000042e+36 1.000000000000000042e+36 -1.301187047004304376e-01 -7.184388180750724828e-01 -1.743640224805537819e+00 -2.626905938525307960e+00 -2.875843298824413363e+00 -2.793693321133559060e+00 -3.343529968274709496e+00 -5.248556692644513078e+00 -8.266485678767471867e+00 -1.134188506378143302e+01 -1.343199682476379664e+01 -1.425378375404147668e+01 -1.434953865313651988e+01
1.000000000000000042e+36 1.000000000000000042e+36 1.000000000000000042e+36 1.000000000000000042e+36 1.000000000000000042e+36 1.000000000000000042e+36 1.000000000000000042e+36 1.000000000000000042e+36 1.000000000000000042e+36 1.000000000000000042e+36 1.000000000000000042e+36 1.000000000000000042e+36 1.000000000000000042e+36 1.000000000000000042e+36 1.000000000000000042e+36 1.000000000000000042e+36 1.000000000000000042e+36 1.000000000000000042e+36 1.000000000000000042e+36 1.000000000000000042e+36 1.000000000000000042e+36 1.000000000000000042e+36 1.000000000000000042e+36 1.000000000000000042e+36 1.000000000000000042e+36 1.000000000000000042e+36 1.000000000000000042e+36 1.000000000000000042e+36 1.000000000000000042e+36 1.000000000000000042e+36 1.000000000000000042e+36 1.000000000000000042e+36 1.000000000000000042e+36 1.000000000000000042e+36 1.000000000000000042e+36 1.000000000000000042e+36 1.000000000000000042e+36 1.000000000000000042e+36 1.000000000000000042e+36 1.000000000000000042e+36 1.000000000000000042e+36 1.000000000000000042e+36 1.000000000000000042e+36 1.000000000000000042e+36 1.000000000000000042e+36 1.000000000000000042e+36 1.000000000000000042e+36 1.000000000000000042e+36 1.000000000000000042e+36 1.000000000000000042e+36 1.000000000000000042e+36 1.000000000000000042e+36 1.000000000000000042e+36 1.000000000000000042e+36 1.000000000000000042e+36 1.000000000000000042e+36 1.000000000000000042e+36 1.000000000000000042e+36 1.000000000000000042e+36 1.000000000000000042e+36 1.000000000000000042e+36 1.000000000000000042e+36 1.000000000000000042e+36 1.000000000000000042e+36 1.000000000000000042e+36 1.000000000000000042e+36 1.000000000000000042e+36 1.000000000000000042e+36 1.000000000000000042e+36 1.000000000000000042e+36 1.000000000000000042e+36 1.000000000000000042e+36 1.000000000000000042e+36 1.000000000000000042e+36 1.000000000000000042e+36 1.000000000000000042e+36 1.000000000000000042e+36 1.000000000000000042e+36 1.000000000000000042e+36 1.000000000000000042e+36 1.000000000000000042e+36 1.000000000000000042e+36 1.000000000000000042e+36 1.000000000000000042e+36 -4.827575112641745436e-01 -2.721886717433625424e+00 -6.792049918749651027e+00 -1.105247658058982019e+01 -1.379890651828073800e+01 -1.466161786103944387e+01 -1.456049083378866982e+01 -1.461097956157561484e+01 -1.518247480948138062e+01 -1.584153150294133283e+01 -1.597459195416712596e+01 -1.538421631781347720e+01 -1.434953865313651988e+01
1.000000000000000042e+36 1.000000000000000042e+36 1.000000000000000042e+36 1.000000000000000042e+36 1.000000000000000042e+36 1.000000000000000042e+36 1.000000000000000042e+36 1.000000000000000042e+36 1.000000000000000042e+36 1.000000000000000042e+36 1.000000000000000042e+36 1.000000000000000042e+36 1.000000000000000042e+36 1.000000000000000042e+36 1.000000000000000042e+36 1.000000000000000042e+36 1.000000000000000042e+36 1.000000000000000042e+36 1.000000000000000042e+36 1.000000000000000042e+36 1.000000000000000042e+36 1.000000000000000042e+36 1.000000000000000042e+36 1.000000000000000042e+36 1.000000000000000042e+36 1.000000000000000042e+36 1.000000000000000042e+36 1.000000000000000042e+36 1.000000000000000042e+36 1.000000000000000042e+36 1.000000000000000042e+36 1.000000000000000042e+36 1.000000000000000042e+36 1.000000000000000042e+36 1.000000000000000042e+36 1.000000000000000042e+36 1.000000000000000042e+36 1.000000000000000042e+36 1.000000000000000042e+36 1.000000000000000042e+36 1.000000000000000042e+36 1.000000000000000042e+36 1.000000000000000042e+36 1.000000000000000042e+36 1.000000000000000042e+36 1.000000000000000042e+36 1.000000000000000042e+36 1.000000000000000042e+36 1.000000000000000042e+36 1.000000000000000042e+36 1.000000000000000042e+36 1.000000000000000042e+36 1.000000000000000042e+36 1.000000000000000042e+36 1.000000000000000042e+36 1.000000000000000042e+36 1.000000000000000042e+36 1.000000000000000042e+36 1.000000000000000042e+36 1.000000000000000042e+36 1.000000000000000042e+36 1.000000000000000042e+36 1.000000000000000042e+36 1.000000000000000042e+36 1.000000000000000042e+36 1.000000000000000042e+36 1.000000000000000042e+36 1.000000000000000042e+36 1.000000000000000042e+36 1.000000000000000042e+36 1.000000000000000042e+36 1.000000000000000042e+36 1.000000000000000042e+36 1.000000000000000042e+36 1.000000000000000042e+36 1.000000000000000042e+36 1.000000000000000042e+36 1.000000000000000042e+36 1.000000000000000042e+36 1.000000000000000042e+36 1.000000000000000042e+36 1.000000000000000042e+36 1.000000000000000042e+36 1.000000000000000042e+36 -9.571125264234403573e-01 -5.189269092901833247e+00 -1.252479597848529735e+01 -1.996366622157038861e+01 -2.471335352147532660e+01 -2.610374643876841105e+01 -2.523255177369709656e+01 -2.353369309534965836e+01 -2.178883738834817052e+01 -2.009131350562569551e+01 -1.830867821532706685e+01 -1.640227159530186540e+01 -1.434953865313652344e+01
1.000000000000000042e+36 1.000000000000000042e+36 1.000000000000000042e+36 1.000000000000000042e+36 1.000000000000000042e+36 1.000000000000000042e+36 1.000000000000000042e+36 1.000000000000000042e+36 1.000000000000000042e+36 1.000000000000000042e+36 1.000000000000000042e+36 1.000000000000000042e+36 1.000000000000000042e+36 1.000000000000000042e+36 1.000000000000000042e+36 1.000000000000000042e+36 1.000000000000000042e+36 1.000000000000000042e+36 1.000000000000000042e+36 1.000000000000000042e+36 1.000000000000000042e+36 1.000000000000000042e+36 1.000000000000000042e+36 1.000000000000000042e+36 1.000000000000000042e+36 1.000000000000000042e+36 1.000000000000000042e+36 1.000000000000000042e+36 1.000000000000000042e+36 1.000000000000000042e+36 1.000000000000000042e+36 1.000000000000000042e+36 1.000000000000000042e+36 1.000000000000000042e+36 1.000000000000000042e+36 1.000000000000000042e+36 1.000000000000000042e+36 1.000000000000000042e+36 1.000000000000000042e+36 1.000000000000000042e+36 1.000000000000000042e+36 1.000000000000000042e+36 1.000000000000000042e+36 1.000000000000000042e+36 1.000000000000000042e+36 1.000000000000000042e+36 1.000000000000000042e+36 1.000000000000000042e+36 1.000000000000000042e+36 1.000000000000000042e+36 1.000000000000000042e+36 1.000000000000000042e+36 1.000000000000000042e+36 1.000000000000000042e+36 1.000000000000000042e+36 1.000000000000000042e+36 1.000000000000000042e+36 1.000000000000000042e+36 1.000000000000000042e+36 1.000000000000000042e+36 1.000000000000000042e+36 1.000000000000000042e+36 1.000000000000000042e+36 1.000000000000000042e+36 1.000000000000000042e+36 1.000000000000000042e+36 1.000000000000000042e+36 1.000000000000000042e+36 1.000000000000000042e+36 1.000000000000000042e+36 1.000000000000000042e+36 1.000000000000000042e+36 1.000000000000000042e+36 1.000000000000000042e+36 1.000000000000000042e+36 1.000000000000000042e+36 1.000000000000000042e+36 1.000000000000000042e+36 1.000000000000000042e+36 1.000000000000000042e+36 1.000000000000000042e+36 1.000000000000000042e+36 1.000000000000000042e+36 -4.828233234000186419e-02 -1.925207011355416942e+00 -8.835360048309773617e+00 -1.955534914662116464e+01 -2.951082125897689323e+01 -3.527911987239816938e+01 -3.645797249152958841e+01 -3.455351670171021539e+01 -3.120715247064261888e+01 -2.740615235945965367e+01 -2.364241021673544196e+01 -2.022237527127441936e+01 -1.724107023081768730e+01 -1.434953865313652344e+01
1.000000000000000042e+36 1.000000000000000042e+36 1.000000000000000042e+36 1.000000000000000042e+36 1.000000000000000042e+36 1.000000000000000042e+36 1.000000000000000042e+36 1.000000000000000042e+36 1.000000000000000042e+36 1.000000000000000042e+36 1.000000000000000042e+36 1.000000000000000042e+36 1.000000000000000042e+36 1.000000000000000042e+36 1.000000000000000042e+36 1.000000000000000042e+36 1.000000000000000042e+36 1.000000000000000042e+36 1.000000000000000042e+36 1.000000000000000042e+36 1.000000000000000042e+36 1.000000000000000042e+36 1.000000000000000042e+36 1.000000000000000042e+36 1.000000000000000042e+36 1.000000000000000042e+36 1.000000000000000042e+36 1.000000000000000042e+36 1.000000000000000042e+36 1.000000000000000042e+36 1.000000000000000042e+36 1.000000000000000042e+36 1.000000000000000042e+36 1.000000000000000042e+36 1.000000000000000042e+36 1.000000000000000042e+36 1.000000000000000042e+36 1.000000000000000042e+36 1.000000000000000042e+36 1.000000000000000042e+36 1.000000000000000042e+36 1.000000000000000042e+36 1.000000000000000042e+36 1.000000000000000042e+36 1.000000000000000042e+36 1.000000000000000042e+36 1.000000000000000042e+36 1.000000000000000042e+36 1.000000000000000042e+36 1.000000000000000042e+36 1.000000000000000042e+36 1.000000000000000042e+36 1.000000000000000042e+36 1.000000000000000042e+36 1.000000000000000042e+36 1.000000000000000042e+36 1.000000000000000042e+36 1.000000000000000042e+36 1.000000000000000042e+36 1.000000000000000042e+36 1.000000000000000042e+36 1.000000000000000042e+36 1.000000000000000042e+36 1.000000000000000042e+36 1.000000000000000042e+36 1.000000000000000042e+36 1.000000000000000042e+36 1.000000000000000042e+36 1.000000000000000042e+36 1.000000000000000042e+36 1.000000000000000042e+36 1.000000000000000042e+36 1.000000000000000042e+36 1.000000000000000042e+36 1.000000000000000042e+36 1.000000000000000042e+36 1.000000000000000042e+36 1.000000000000000042e+36 1.000000000000000042e+36 1.000000000000000042e+36 1.000000000000000042e+36 1.000000000000000042e+36 1.000000000000000042e+36 -2.707118195873654543e-01 -3.984162589528420284e+00 -1.433062210611128151e+01 -2.803544252191722208e+01 -3.919575431435804802e+01 -4.464114707254112346e+01 -4.482868971768657218e+01 -4.171099417850165736e+01 -3.691924130663712589e+01 -3.146540597804619566e+01 -2.613288695639916170e+01 -2.155545513433778382e+01 -1.785288541918224325e+01 -1.434953865313652344e+01
1.000000000000000042e+36 1.000000000000000042e+36 1.000000000000000042e+36 1.000000000000000042e+36 1.000000000000000042e+36 1.000000000000000042e+36 1.000000000000000042e+36 1.000000000000000042e+36 1.000000000000000042e+36 1.000000000000000042e+36 1.000000000000000042e+36 1.000000000000000042e+36 1.000000000000000042e+36 1.000000000000000042e+36 1.000000000000000042e+36 1.000000000000000042e+36 1.000000000000000042e+36 1.000000000000000042e+36 1.000000000000000042e+36 1.000000000000000042e+36 1.000000000000000042e+36 1.000000000000000042e+36 1.000000000000000042e+36 1.000000000000000042e+36 1.000000000000000042e+36 1.000000000000000042e+36 1.000000000000000042e+36 1.000000000000000042e+36 1.000000000000000042e+36 1.000000000000000042e+36 1.000000000000000042e+36 1.000000000000000042e+36 1.000000000000000042e+36 1.000000000000000042e+36 1.000000000000000042e+36 1.000000000000000042e+36 1.000000000000000042e+36 1.000000000000000042e+36 1.000000000000000042e+36 1.000000000000000042e+36 1.000000000000000042e+36 1.000000000000000042e+36 1.000000000000000042e+36 1.000000000000000042e+36 1.000000000000000042e+36 1.000000000000000042e+36 1.000000000000000042e+36 1.000000000000000042e+36 1.000000000000000042e+36 1.000000000000000042e+36 1.000000000000000042e+36 1.000000000000000042e+36 1.000000000000000042e+36 1.000000000000000042e+36 1.000000000000000042e+36 1.000000000000000042e+36 1.000000000000000042e+36 1.000000000000000042e+36 1.000000000000000042e+36 1.000000000000000042e+36 1.000000000000000042e+36 1.000000000000000042e+36 1.000000000000000042e+36 1.000000000000000042e+36 1.000000000000000042e+36 1.000000000000000042e+36 1.000000000000000042e+36 1.000000000000000042e+36 1.000000000000000042e+36 1.000000000000000042e+36 1.000000000000000042e+36 1.000000000000000042e+36 1.000000000000000042e+36 1.000000000000000042e+36 1.000000000000000042e+36 1.000000000000000042e+36 1.000000000000000042e+36 1.000000000000000042e+36 1.000000000000000042e+36 1.000000000000000042e+36 1.000000000000000042e+36 1.000000000000000042e+36 1.000000000000000042e+36 -1.066098442304282079e+00 -7.873766389192718762e+00 -2.183118211177530199e+01 -3.715446507420461586e+01 -4.764901789789453801e+01 -5.148370483805579312e+01 -5.023552752479066186e+01 -4.601079281370054019e+01 -4.015514309741941901e+01 -3.361141639637910572e+01 -2.737639384101088069e+01 -2.224379690699802836e+01 -1.821494906373609624e+01 -1.434953865313652344e+01
1.000000000000000042e+36 1.000000000000000042e+36 1.000000000000000042e+36 1.000000000000000042e+36 1.000000000000000042e+36 1.000000000000000042e+36 1.000000000000000042e+36 1.000000000000000042e+36 1.000000000000000042e+36 1.000000000000000042e+36 1.000000000000000042e+36 1.000000000000000042e+36 1.000000000000000042e+36 1.000000000000000042e+36 1.000000000000000042e+36 1.000000000000000042e+36 1.000000000000000042e+36 1.000000000000000042e+36 1.000000000000000042e+36 1.000000000000000042e+36 1.000000000000000042e+36 1.000000000000000042e+36 1.000000000000000042e+36 1.000000000000000042e+36 1.000000000000000042e+36 1.000000000000000042e+36 1.000000000000000042e+36 1.000000000000000042e+36 1.000000000000000042e+36 1.000000000000000042e+36 1.000000000000000042e+36 1.000000000000000042e+36 1.000000000000000042e+36 1.000000000000000042e+36 1.000000000000000042e+36 1.000000000000000042e+36 1.000000000000000042e+36 1.000000000000000042e+36 1.000000000000000042e+36 1.000000000000000042e+36 1.000000000000000042e+36 1.000000000000000042e+36 1.000000000000000042e+36 1.000000000000000042e+36 1.000000000000000042e+36 1.000000000000000042e+36 1.000000000000000042e+36 1.000000000000000042e+36 1.000000000000000042e+36 1.000000000000000042e+36 1.000000000000000042e+36 1.000000000000000042e+36 1.000000000000000042e+36 1.000000000000000042e+36 1.000000000000000042e+36 1.000000000000000042e+36 1.000000000000000042e+36 1.000000000000000042e+36 1.000000000000000042e+36 1.000000000000000042e+36 1.000000000000000042e+36 1.000000000000000042e+36 1.000000000000000042e+36 1.000000000000000042e+36 1.000000000000000042e+36 1.000000000000000042e+36 1.000000000000000042e+36 1.000000000000000042e+36 1.000000000000000042e+36 1.000000000000000042e+36 1.000000000000000042e+36 1.000000000000000042e+36 1.000000000000000042e+36 1.000000000000000042e+36 1.000000000000000042e+36 1.000000000000000042e+36 1.000000000000000042e+36 1.000000000000000042e+36 1.000000000000000042e+36 1.000000000000000042e+36 1.000000000000000042e+36 1.000000000000000042e+36 -5.333427630269054571e-04 -3.184471487509134668e+00 -1.389539269826024181e+01 -3.028865528611285285e+01 -4.490886232302425185e+01 -5.291189961832908040e+01 -5.448267771477793531e+01 -5.195384895163709160e+01 -4.707109810334534217e+01 -4.072578777295559860e+01 -3.380526312234730568e+01 -2.742684994007499810e+01 -2.233763765930413925e+01 -1.832949273193606388e+01 -1.434953865313652877e+01
1.000000000000000042e+36 1.000000000000000042e+36 1.000000000000000042e+36 1.000000000000000042e+36 1.000000000000000042e+36 1.000000000000000042e+36 1.000000000000000042e+36 1.000000000000000042e+36 1.000000000000000042e+36 1.000000000000000042e+36 1.000000000000000042e+36 1.000000000000000042e+36 1.000000000000000042e+36 1.000000000000000042e+36 1.000000000000000042e+36 1.000000000000000042e+36 1.000000000000000042e+36 1.000000000000000042e+36 1.000000000000000042e+36 1.000000000000000042e+36 1.000000000000000042e+36 1.000000000000000042e+36 1.000000000000000042e+36 1.000000000000000042e+36 1.000000000000000042e+36 1.000000000000000042e+36 1.000000000000000042e+36 1.000000000000000042e+36 1.000000000000000042e+36 1.000000000000000042e+36 1.000000000000000042e+36 1.000000000000000042e+36 1.000000000000000042e+36 1.000000000000000042e+36 1.000000000000000042e+36 1.000000000000000042e+36 1.000000000000000042e+36 1.000000000000000042e+36 1.000000000000000042e+36 1.000000000000000042e+36 1.000000000000000042e+36 1.000000000000000042e+36 1.000000000000000042e+36 1.000000000000000042e+36 1.000000000000000042e+36 1.000000000000000042e+36 1.000000000000000042e+36 1.000000000000000042e+36 1.000000000000000042e+36 1.000000000000000042e+36 1.000000000000000042e+36 1.000000000000000042e+36 1.000000000000000042e+36 1.000000000000000042e+36 1.000000000000000042e+36 1.000000000000000042e+36 1.000000000000000042e+36 1.000000000000000042e+36 1.000000000000000042e+36 1.000000000000000042e+36 1.000000000000000042e+36 1.000000000000000042e+36 1.000000000000000042e+36 1.000000000000000042e+36 1.000000000000000042e+36 1.000000000000000042e+36 1.000000000000000042e+36 1.000000000000000042e+36 1.000000000000000042e+36 1.000000000000000042e+36 1.000000000000000042e+36 1.000000000000000042e+36 1.000000000000000042e+36 1.000000000000000042e+36 1.000000000000000042e+36 1.000000000000000042e+36 1.000000000000000042e+36 1.000000000000000042e+36 1.000000000000000042e+36 1.000000000000000042e+36 1.000000000000000042e+36 1.000000000000000042e+36 -9.142650443291483464e-01 -7.129055491407716438e+00 -2.099218543464369091e+01 -3.720025765380631810e+01 -4.870764300249121703e+01 -5.332276941959433003e+01 -5.294735689707101045e+01 -4.983480283813644007e+01 -4.498222199331382853e+01 -3.887915287026363842e+01 -3.238945599166790146e+01 -2.657808703769127945e+01 -2.197627787971535085e+01 -1.821467257575950782e+01 -1.434953865313652877e+01
1.000000000000000042e+36 1.000000000000000042e+36 1.000000000000000042e+36 1.000000000000000042e+36 1.000000000000000042e+36 1.000000000000000042e+36 1.000000000000000042e+36 1.000000000000000042e+36 1.000000000000000042e+36 1.000000000000000042e+36 1.000000000000000042e+36 1.000000000000000042e+36 1.000000000000000042e+36 1.000000000000000042e+36 1.000000000000000042e+36 1.000000000000000042e+36 1.000000000000000042e+36 1.000000000000000042e+36 1.000000000000000042e+36 1.000000000000000042e+36 1.000000000000000042e+36 1.000000000000000042e+36 1.000000000000000042e+36 1.000000000000000042e+36 1.000000000000000042e+36 1.000000000000000042e+36 1.000000000000000042e+36 1.000000000000000042e+36 1.000000000000000042e+36 1.000000000000000042e+36 1.000000000000000042e+36 1.000000000000000042e+36 1.000000000000000042e+36 1.000000000000000042e+36 1.000000000000000042e+36 1.000000000000000042e+36 1.000000000000000042e+36 1.000000000000000042e+36 1.000000000000000042e+36 1.000000000000000042e+36 1.000000000000000042e+36 1.000000000000000042e+36 1.000000000000000042e+36 1.000000000000000042e+36 1.000000000000000042e+36 1.000000000000000042e+36 1.000000000000000042e+36 1.000000000000000042e+36 1.000000000000000042e+36 1.000000000000000042e+36 1.000000000000000042e+36 1.000000000000000042e+36 1.000000000000000042e+36 1.000000000000000042e+36 1.000000000000000042e+36 1.000000000000000042e+36 1.000000000000000042e+36 1.000000000000000042e+36 1.000000000000000042e+36 1.000000000000000042e+36 1.000000000000000042e+36 1.000000000000000042e+36 1.000000000000000042e+36 1.000000000000000042e+36 1.000000000000000042e+36 1.000000000000000042e+36 1.000000000000000042e+36 1.000000000000000042e+36 1.000000000000000042e+36 1.000000000000000042e+36 1.000000000000000042e+36 1.000000000000000042e+36 1.000000000000000042e+36 1.000000000000000042e+36 1.000000000000000042e+36 1.000000000000000042e+36 1.000000000000000042e+36 1.000000000000000042e+36 1.000000000000000042e+36 1.000000000000000042e+36 1.000000000000000042e+36 1.000000000000000042e+36 -2.934385331157351562e+00 -1.209965148915310529e+01 -2.653635680049871581e+01 -3.963137927309022501e+01 -4.678128893035159308e+01 -4.845527592425454344e+01 -4.715775075453186105e+01 -4.436258732625429957e+01 -4.033066442392168227e+01 -3.529972697057586828e+01 -3.000448931099491290e+01 -2.524529171795272831e+01 -2.131350842102581566e+01 -1.788873560824420395e+01 -1.434953865313652877e+01
1.000000000000000042e+36 1.000000000000000042e+36 1.000000000000000042e+36 1.000000000000000042e+36 1.000000000000000042e+36 1.000000000000000042e+36 1.000000000000000042e+36 1.000000000000000042e+36 1.000000000000000042e+36 1.000000000000000042e+36 1.000000000000000042e+36 1.000000000000000042e+36 1.000000000000000042e+36 1.000000000000000042e+36 1.000000000000000042e+36 1.000000000000000042e+36 1.000000000000000042e+36 1.000000000000000042e+36 1.000000000000000042e+36 1.000000000000000042e+36 1.000000000000000042e+36 1.000000000000000042e+36 1.000000000000000042e+36 1.000000000000000042e+36 1.000000000000000042e+36 1.000000000000000042e+36 1.000000000000000042e+36 1.000000000000000042e+36 1.000000000000000042e+36 1.000000000000000042e+36 1.000000000000000042e+36 1.000000000000000042e+36 1.000000000000000042e+36 1.000000000000000042e+36 1.000000000000000042e+36 1.000000000000000042e+36 1.000000000000000042e+36 1.000000000000000042e+36 1.000000000000000042e+36 1.000000000000000042e+36 1.000000000000000042e+36 1.000000000000000042e+36 1.000000000000000042e+36 1.000000000000000042e+36 1.000000000000000042e+36 1.000000000000000042e+36 1.000000000000000042e+36 1.000000000000000042e+36 1.000000000000000042e+36 1.000000000000000042e+36 1.000000000000000042e+36 1.000000000000000042e+36 1.000000000000000042e+36 1.000000000000000042e+36 1.000000000000000042e+36 1.000000000000000042e+36 1.000000000000000042e+36 1.000000000000000042e+36 1.000000000000000042e+36 1.000000000000000042e+36 1.000000000000000042e+36 1.000000000000000042e+36 1.000000000000000042e+36 1.000000000000000042e+36 1.000000000000000042e+36 1.000000000000000042e+36 1.000000000000000042e+36 1.000000000000000042e+36 1.000000000000000042e+36 1.000000000000000042e+36 1.000000000000000042e+36 1.000000000000000042e+36 1.000000000000000042e+36 1.000000000000000042e+36 1.000000000000000042e+36 1.000000000000000042e+36 1.000000000000000042e+36 1.000000000000000042e+36 1.000000000000000042e+36 1.000000000000000042e+36 1.000000000000000042e+36 -5.642038560379825096e-01 -5.712611297275442368e+00 -1.583481962770528995e+01 -2.773740205260087421e+01 -3.607345554293205936e+01 -3.926258091450247178e+01 -3.924336496144520225e+01 -3.809165715722767942e+01 -3.640932255460705846e+01 -3.399351431435445647e+01 -3.082487959213870710e+01 -2.726035496825612725e+01 -2.371513702470635820e+01 -2.041319400631150316e+01 -1.735812430295273145e+01 -1.434953865313652344e+01
1.000000000000000042e+36 1.000000000000000042e+36 1.000000000000000042e+36 1.000000000000000042e+36 1.000000000000000042e+36 1.000000000000000042e+36 1.000000000000000042e+36 1.000000000000000042e+36 1.000000000000000042e+36 1.000000000000000042e+36 1.000000000000000042e+36 1.000000000000000042e+36 1.000000000000000042e+36 1.000000000000000042e+36 1.000000000000000042e+36 1.000000000000000042e+36 1.000000000000000042e+36 1.000000000000000042e+36 1.000000000000000042e+36 1.000000000000000042e+36 1.000000000000000042e+36 1.000000000000000042e+36 1.000000000000000042e+36 1.000000000000000042e+36 1.000000000000000042e+36 1.000000000000000042e+36 1.000000000000000042e+36 1.000000000000000042e+36 1.000000000000000042e+36 1.000000000000000042e+36 1.000000000000000042e+36 1.000000000000000042e+36 1.000000000000000042e+36 1.000000000000000042e+36 1.000000000000000042e+36 1.000000000000000042e+36 1.000000000000000042e+36 1.000000000000000042e+36 1.000000000000000042e+36 1.000000000000000042e+36 1.000000000000000042e+36 1.000000000000000042e+36 1.000000000000000042e+36 1.000000000000000042e+36 1.000000000000000042e+36 1.000000000000000042e+36 1.000000000000000042e+36 1.000000000000000042e+36 1.000000000000000042e+36 1.000000000000000042e+36 1.000000000000000042e+36 1.000000000000000042e+36 1.000000000000000042e+36 1.000000000000000042e+36 1.000000000000000042e+36 1.000000000000000042e+36 1.000000000000000042e+36 1.000000000000000042e+36 1.000000000000000042e+36 1.000000000000000042e+36 1.000000000000000042e+36 1.000000000000000042e+36 1.000000000000000042e+36 1.000000000000000042e+36 1.000000000000000042e+36 1.000000000000000042e+36 1.000000000000000042e+36 1.000000000000000042e+36 1.000000000000000042e+36 1.000000000000000042e+36 1.000000000000000042e+36 1.000000000000000042e+36 1.000000000000000042e+36 1.000000000000000042e+36 1.000000000000000042e+36 1.000000000000000042e+36 1.000000000000000042e+36 1.000000000000000042e+36 1.000000000000000042e+36 1.000000000000000042e+36 1.000000000000000042e+36 -1.933245666233784021e+00 -7.765762044360524641e+00 -1.618283534161329840e+01 -2.366799669593917343e+01 -2.738210136681957962e+01 -2.785252985887244748e+01 -2.721351455439932820e+01 -2.682419714677429923e+01 -2.678096542532195201e+01 -2.660367210974930785e+01 -2.582758049071187045e+01 -2.422384932652422407e+01 -2.187831009414437489e+01 -1.918264015056433180e+01 -1.661542578433708428e+01 -1.434953865313652344e+01
1.000000000000000042e+36 1.000000000000000042e+36 1.000000000000000042e+36 1.000000000000000042e+36 1.000000000000000042e+36 1.000000000000000042e+36 1.000000000000000042e+36 1.000000000000000042e+36 1.000000000000000042e+36 1.000000000000000042e+36 1.000000000000000042e+36 1.000000000000000042e+36 1.000000000000000042e+36 1.000000000000000042e+36 1.000000000000000042e+36 1.000000000000000042e+36 1.000000000000000042e+36 1.000000000000000042e+36 1.000000000000000042e+36 1.000000000000000042e+36 1.000000000000000042e+36 1.000000000000000042e+36 1.000000000000000042e+36 1.000000000000000042e+36 1.000000000000000042e+36 1.000000000000000042e+36 1.000000000000000042e+36 1.000000000000000042e+36 1.000000000000000042e+36 1.000000000000000042e+36 1.000000000000000042e+36 1.000000000000000042e+36 1.000000000000000042e+36 1.000000000000000042e+36 1.000000000000000042e+36 1.000000000000000042e+36 1.000000000000000042e+36 1.000000000000000042e+36 1.000000000000000042e+36 1.000000000000000042e+36 1.000000000000000042e+36 1.000000000000000042e+36 1.000000000000000042e+36 1.000000000000000042e+36 1.000000000000000042e+36 1.000000000000000042e+36 1.000000000000000042e+36 1.000000000000000042e+36 1.000000000000000042e+36 1.000000000000000042e+36 1.000000000000000042e+36 1.000000000000000042e+36 1.000000000000000042e+36 1.000000000000000042e+36 1.000000000000000042e+36 1.000000000000000042e+36 1.000000000000000042e+36 1.000000000000000042e+36 1.000000000000000042e+36 1.000000000000000042e+36 1.000000000000000042e+36 1.000000000000000042e+36 1.000000000000000042e+36 1.000000000000000042e+36 1.000000000000000042e+36 1.000000000000000042e+36 1.000000000000000042e+36 1.000000000000000042e+36 1.000000000000000042e+36 1.000000000000000042e+36 1.000000000000000042e+36 1.000000000000000042e+36 1.000000000000000042e+36 1.000000000000000042e+36 1.000000000000000042e+36 1.000000000000000042e+36 1.000000000000000042e+36 1.000000000000000042e+36 1.000000000000000042e+36 1.000000000000000042e+36 1.000000000000000042e+36 -2.902499577932683206e+00 -7.809708919462882371e+00 -1.286928436630075900e+01 -1.577122655523125694e+01 -1.586497966759030831e+01 -1.457855613869104161e+01 -1.368719880271198086e+01 -1.409684427991657785e+01 -1.575814265415810489e+01 -1.796405625025226627e+01 -1.970451967208001065e+01 -2.016385677650008645e+01 -1.919856764650924319e+01 -1.740772161236535354e+01 -1.565228844400975206e+01 -1.434953865313652344e+01
1.000000000000000042e+36 1.000000000000000042e+36 1.000000000000000042e+36 1.000000000000000042e+36 1.000000000000000042e+36 1.000000000000000042e+36 1.000000000000000042e+36 1.000000000000000042e+36 1.000000000000000042e+36 1.000000000000000042e+36 1.000000000000000042e+36 1.000000000000000042e+36 1.000000000000000042e+36 1.000000000000000042e+36 1.000000000000000042e+36 1.000000000000000042e+36 1.000000000000000042e+36 1.000000000000000042e+36 1.000000000000000042e+36 1.000000000000000042e+36 1.000000000000000042e+36 1.000000000000000042e+36 1.000000000000000042e+36 1.000000000000000042e+36 1.000000000000000042e+36 1.000000000000000042e+36 1.000000000000000042e+36 1.000000000000000042e+36 1.000000000000000042e+36 1.000000000000000042e+36 1.000000000000000042e+36 1.000000000000000042e+36 1.000000000000000042e+36 1.000000000000000042e+36 1.000000000000000042e+36 1.000000000000000042e+36 1.000000000000000042e+36 1.000000000000000042e+36 1.000000000000000042e+36 1.000000000000000042e+36 1.000000000000000042e+36 1.000000000000000042e+36 1.000000000000000042e+36 1.000000000000000042e+36 1.000000000000000042e+36 1.000000000000000042e+36 1.000000000000000042e+36 1.000000000000000042e+36 1.000000000000000042e+36 1.000000000000000042e+36 1.000000000000000042e+36 1.000000000000000042e+36 1.000000000000000042e+36 1.000000000000000042e+36 1.000000000000000042e+36 1.000000000000000042e+36 1.000000000000000042e+36 1.000000000000000042e+36 1.000000000000000042e+36 1.000000000000000042e+36 1.000000000000000042e+36 1.000000000000000042e+36 1.000000000000000042e+36 1.000000000000000042e+36 1.000000000000000042e+36 1.000000000000000042e+36 1.000000000000000042e+36 1.000000000000000042e+36 1.000000000000000042e+36 1.000000000000000042e+36 1.000000000000000042e+36 1.000000000000000042e+36 1.000000000000000042e+36 1.000000000000000042e+36 1.000000000000000042e+36 1.000000000000000042e+36 1.000000000000000042e+36 1.000000000000000042e+36 1.000000000000000042e+36 1.000000000000000042e+36 1.000000000000000042e+36 -2.902014760978918417e+00 -5.932085617137077271e+00 -7.478620102299502470e+00 -6.521758519409487143e+00 -3.783613853055674436e+00 -1.015078042089480936e+00 3.364903442724913596e-01 -4.161089402770982715e-01 -3.230593894210675554e+00 -7.318380577259613773e+00 -1.134448702377344276e+01 -1.407880535030154689e+01 -1.509499419163922695e+01 -1.492026216161788987e+01 -1.448845420179111798e+01 -1.434953865313652344e+01
1.000000000000000042e+36 1.000000000000000042e+36 1.000000000000000042e+36 1.000000000000000042e+36 1.000000000000000042e+36 1.000000000000000042e+36 1.000000000000000042e+36 1.000000000000000042e+36 1.000000000000000042e+36 1.000000000000000042e+36 1.000000000000000042e+36 1.000000000000000042e+36 1.000000000000000042e+36 1.000000000000000042e+36 1.000000000000000042e+36 1.000000000000000042e+36 1.000000000000000042e+36 1.000000000000000042e+36 1.000000000000000042e+36 1.000000000000000042e+36 1.000000000000000042e+36 1.000000000000000042e+36 1.000000000000000042e+36 1.000000000000000042e+36 1.000000000000000042e+36 1.000000000000000042e+36 1.000000000000000042e+36 1.000000000000000042e+36 1.000000000000000042e+36 1.000000000000000042e+36 1.000000000000000042e+36 1.000000000000000042e+36 1.000000000000000042e+36 1.000000000000000042e+36 1.000000000000000042e+36 1.000000000000000042e+36 1.000000000000000042e+36 1.000000000000000042e+36 1.000000000000000042e+36 1.000000000000000042e+36 1.000000000000000042e+36 1.000000000000000042e+36 1.000000000000000042e+36 1.000000000000000042e+36 1.000000000000000042e+36 1.000000000000000042e+36 1.000000000000000042e+36 1.000000000000000042e+36 1.000000000000000042e+36 1.000000000000000042e+36 1.000000000000000042e+36 1.000000000000000042e+36 1.000000000000000042e+36 1.000000000000000042e+36 1.000000000000000042e+36 1.000000000000000042e+36 1.000000000000000042e+36 1.000000000000000042e+36 1.000000000000000042e+36 1.000000000000000042e+36 1.000000000000000042e+36 1.000000000000000042e+36 1.000000000000000042e+36 1.000000000000000042e+36 1.000000000000000042e+36 1.000000000000000042e+36 1.000000000000000042e+36 1.000000000000000042e+36 1.000000000000000042e+36 1.000000000000000042e+36 1.000000000000000042e+36 1.000000000000000042e+36 1.000000000000000042e+36 1.000000000000000042e+36 1.000000000000000042e+36 1.000000000000000042e+36 1.000000000000000042e+36 1.000000000000000042e+36 1.000000000000000042e+36 1.000000000000000042e+36 1.000000000000000042e+36 -2.034570535292429039e+00 -3.244467669205024496e+00 -2.039310744956018606e+00 1.996488667735540012e+00 7.289504473291692932e+00 1.166930514882194814e+01 1.381213278679203427e+01 1.329735067675435722e+01 1.021049774253403086e+01 5.159663802086918771e+00 -6.552580945945445379e-01 -5.851960471661688423e+00 -9.561659846654332995e+00 0.000000000000000000e+00 -1.319257438705783692e+01 -1.434953865313652344e+01
