25 97
0.000000000000000000e+00
1.000000000000000000e+00
2.000000000000000000e+00
3.000000000000000000e+00
4.000000000000000000e+00
5.000000000000000000e+00
6.000000000000000000e+00
7.000000000000000000e+00
8.000000000000000000e+00
9.000000000000000000e+00
1.000000000000000000e+01
1.100000000000000000e+01
1.200000000000000000e+01
1.300000000000000000e+01
1.400000000000000000e+01
1.500000000000000000e+01
1.600000000000000000e+01
1.700000000000000000e+01
1.800000000000000000e+01
1.900000000000000000e+01
2.000000000000000000e+01
2.100000000000000000e+01
2.200000000000000000e+01
2.300000000000000000e+01
2.400000000000000000e+01
-9.000000000000000000e+01
-8.812382923984910121e+01
-8.623863592786570109e+01
-8.433443827733420051e+01
-8.240133187634350520e+01
-8.042953448926880355e+01
-7.840945520991679984e+01
-7.633179663012499816e+01
-7.418769889253880478e+01
-7.196893418027579514e+01
-6.966815890227729824e+01
-6.727922798827410134e+01
-6.479757067905329393e+01
-6.222061943205879686e+01
-5.954827282983629999e+01
-5.678336012901640117e+01
-5.393206084597319716e+01
-5.100422041685779817e+01
-4.801349660055240065e+01
-4.497727546022660050e+01
-4.191631389212800229e+01
-3.885409809542930049e+01
-3.581594978015060349e+01
-3.282795536743490317e+01
-2.991582667036210097e+01
-2.710381487766089847e+01
-2.441378890900649878e+01
-2.186455741699809963e+01
-1.947146976386940054e+01
-1.724628616300820028e+01
-1.519726977348410024e+01
-1.332942822645710024e+01
-1.164481851295619919e+01
-1.014282440666699969e+01
-8.820317651039870199e+00
-7.671626662812689901e+00
-6.688272975830479972e+00
-5.858517346988319829e+00
-5.166893144602109800e+00
-4.594046943296800301e+00
-4.117225263066970342e+00
-3.711511705759369839e+00
-3.351482550391529980e+00
-3.012578832773280091e+00
-2.671364266063140036e+00
-2.303628721495400100e+00
-1.877549437678569966e+00
-1.326872039392319902e+00
-7.728409664507170184e-08
1.326872039392319902e+00
1.877549437678569966e+00
2.303628721495400100e+00
2.671364266063140036e+00
3.012578832773280091e+00
3.351482550391529980e+00
3.711511705759360069e+00
4.117225263066970342e+00
4.594046943296789642e+00
5.166893144602109800e+00
5.858517346988319829e+00
6.688272975830479972e+00
7.671626662812680131e+00
8.820317651039870199e+00
1.014282440666699969e+01
1.164481851295619919e+01
1.332942822645710024e+01
1.519726977348410024e+01
1.724628616300820028e+01
1.947146976386940054e+01
2.186455741699809963e+01
2.441378890900639931e+01
2.710381487766089847e+01
2.991582667036210097e+01
3.282795536743479659e+01
3.581594978015060349e+01
3.885409809542930049e+01
4.191631389212800229e+01
4.497727546022660050e+01
4.801349660055240065e+01
5.100422041685779817e+01
5.393206084597309768e+01
5.678336012901630170e+01
5.954827282983629999e+01
6.222061943205879686e+01
6.479757067905329393e+01
6.727922798827410134e+01
6.966815890227729824e+01
7.196893418027579514e+01
7.418769889253870531e+01
7.633179663012499816e+01
7.840945520991679984e+01
8.042953448926870408e+01
8.240133187634340572e+01
8.433443827733420051e+01
8.623863592786570109e+01
8.812382923984900174e+01
9.000000000000000000e+01
1.000000000000000042e+36 1.000000000000000042e+36 1.000000000000000042e+36 1.000000000000000042e+36 1.000000000000000042e+36 1.000000000000000042e+36 1.000000000000000042e+36 1.000000000000000042e+36 1.000000000000000042e+36 1.000000000000000042e+36 1.000000000000000042e+36 1.000000000000000042e+36 1.000000000000000042e+36 1.000000000000000042e+36 1.000000000000000042e+36 1.000000000000000042e+36 1.000000000000000042e+36 1.000000000000000042e+36 1.000000000000000042e+36 1.000000000000000042e+36 1.000000000000000042e+36 1.000000000000000042e+36 1.000000000000000042e+36 1.000000000000000042e+36 1.000000000000000042e+36 1.000000000000000042e+36 1.000000000000000042e+36 1.000000000000000042e+36 1.000000000000000042e+36 1.000000000000000042e+36 1.000000000000000042e+36 1.000000000000000042e+36 1.000000000000000042e+36 1.000000000000000042e+36 1.000000000000000042e+36 1.000000000000000042e+36 1.000000000000000042e+36 1.000000000000000042e+36 1.000000000000000042e+36 1.000000000000000042e+36 1.000000000000000042e+36 1.000000000000000042e+36 1.000000000000000042e+36 1.000000000000000042e+36 1.000000000000000042e+36 1.000000000000000042e+36 1.000000000000000042e+36 1.000000000000000042e+36 1.000000000000000042e+36 1.000000000000000042e+36 1.000000000000000042e+36 1.000000000000000042e+36 1.000000000000000042e+36 1.000000000000000042e+36 1.000000000000000042e+36 1.000000000000000042e+36 1.000000000000000042e+36 1.000000000000000042e+36 1.000000000000000042e+36 1.000000000000000042e+36 1.000000000000000042e+36 1.000000000000000042e+36 1.000000000000000042e+36 1.000000000000000042e+36 1.000000000000000042e+36 1.000000000000000042e+36 1.000000000000000042e+36 1.000000000000000042e+36 1.000000000000000042e+36 1.000000000000000042e+36 1.000000000000000042e+36 1.000000000000000042e+36 1.000000000000000042e+36 1.000000000000000042e+36 1.000000000000000042e+36 1.000000000000000042e+36 1.000000000000000042e+36 1.000000000000000042e+36 1.000000000000000042e+36 1.000000000000000042e+36 1.000000000000000042e+36 -1.940940813210926055e-02 -5.163830165308020553e-02 -8.858254870683793247e-02 -9.636319691163618140e-02 -4.275898848392075541e-02 6.131693849842244359e-02 1.589992959535410644e-01 1.931617845999597516e-01 1.548148512821765355e-01 8.892909731327143519e-02 5.731746055962855246e-02 9.322164459938851733e-02 1.811182288447304445e-01 -0.000000000000000000e+00 3.130793257766371074e-01 2.876428273306454453e-01
1.000000000000000042e+36 1.000000000000000042e+36 1.000000000000000042e+36 1.000000000000000042e+36 1.000000000000000042e+36 1.000000000000000042e+36 1.000000000000000042e+36 1.000000000000000042e+36 1.000000000000000042e+36 1.000000000000000042e+36 1.000000000000000042e+36 1.000000000000000042e+36 1.000000000000000042e+36 1.000000000000000042e+36 1.000000000000000042e+36 1.000000000000000042e+36 1.000000000000000042e+36 1.000000000000000042e+36 1.000000000000000042e+36 1.000000000000000042e+36 1.000000000000000042e+36 1.000000000000000042e+36 1.000000000000000042e+36 1.000000000000000042e+36 1.000000000000000042e+36 1.000000000000000042e+36 1.000000000000000042e+36 1.000000000000000042e+36 1.000000000000000042e+36 1.000000000000000042e+36 1.000000000000000042e+36 1.000000000000000042e+36 1.000000000000000042e+36 1.000000000000000042e+36 1.000000000000000042e+36 1.000000000000000042e+36 1.000000000000000042e+36 1.000000000000000042e+36 1.000000000000000042e+36 1.000000000000000042e+36 1.000000000000000042e+36 1.000000000000000042e+36 1.000000000000000042e+36 1.000000000000000042e+36 1.000000000000000042e+36 1.000000000000000042e+36 1.000000000000000042e+36 1.000000000000000042e+36 1.000000000000000042e+36 1.000000000000000042e+36 1.000000000000000042e+36 1.000000000000000042e+36 1.000000000000000042e+36 1.000000000000000042e+36 1.000000000000000042e+36 1.000000000000000042e+36 1.000000000000000042e+36 1.000000000000000042e+36 1.000000000000000042e+36 1.000000000000000042e+36 1.000000000000000042e+36 1.000000000000000042e+36 1.000000000000000042e+36 1.000000000000000042e+36 1.000000000000000042e+36 1.000000000000000042e+36 1.000000000000000042e+36 1.000000000000000042e+36 1.000000000000000042e+36 1.000000000000000042e+36 1.000000000000000042e+36 1.000000000000000042e+36 1.000000000000000042e+36 1.000000000000000042e+36 1.000000000000000042e+36 1.000000000000000042e+36 1.000000000000000042e+36 1.000000000000000042e+36 1.000000000000000042e+36 1.000000000000000042e+36 1.000000000000000042e+36 -7.676654843488429913e-02 -1.435646184761321664e-01 -1.591648779649211809e-01 -9.353673402607744214e-02 4.697285700072905551e-02 2.038407129884079183e-01 2.976415030934256856e-01 2.855615396300466569e-01 1.932652085626308247e-01 9.446214947778443227e-02 5.826722758675666192e-02 1.057244758605785789e-01 2.032406253354895886e-01 2.905423113739703522e-01 3.209723741944192077e-01 2.876428273306454453e-01
1.000000000000000042e+36 1.000000000000000042e+36 1.000000000000000042e+36 1.000000000000000042e+36 1.000000000000000042e+36 1.000000000000000042e+36 1.000000000000000042e+36 1.000000000000000042e+36 1.000000000000000042e+36 1.000000000000000042e+36 1.000000000000000042e+36 1.000000000000000042e+36 1.000000000000000042e+36 1.000000000000000042e+36 1.000000000000000042e+36 1.000000000000000042e+36 1.000000000000000042e+36 1.000000000000000042e+36 1.000000000000000042e+36 1.000000000000000042e+36 1.000000000000000042e+36 1.000000000000000042e+36 1.000000000000000042e+36 1.000000000000000042e+36 1.000000000000000042e+36 1.000000000000000042e+36 1.000000000000000042e+36 1.000000000000000042e+36 1.000000000000000042e+36 1.000000000000000042e+36 1.000000000000000042e+36 1.000000000000000042e+36 1.000000000000000042e+36 1.000000000000000042e+36 1.000000000000000042e+36 1.000000000000000042e+36 1.000000000000000042e+36 1.000000000000000042e+36 1.000000000000000042e+36 1.000000000000000042e+36 1.000000000000000042e+36 1.000000000000000042e+36 1.000000000000000042e+36 1.000000000000000042e+36 1.000000000000000042e+36 1.000000000000000042e+36 1.000000000000000042e+36 1.000000000000000042e+36 1.000000000000000042e+36 1.000000000000000042e+36 1.000000000000000042e+36 1.000000000000000042e+36 1.000000000000000042e+36 1.000000000000000042e+36 1.000000000000000042e+36 1.000000000000000042e+36 1.000000000000000042e+36 1.000000000000000042e+36 1.000000000000000042e+36 1.000000000000000042e+36 1.000000000000000042e+36 1.000000000000000042e+36 1.000000000000000042e+36 1.000000000000000042e+36 1.000000000000000042e+36 1.000000000000000042e+36 1.000000000000000042e+36 1.000000000000000042e+36 1.000000000000000042e+36 1.000000000000000042e+36 1.000000000000000042e+36 1.000000000000000042e+36 1.000000000000000042e+36 1.000000000000000042e+36 1.000000000000000042e+36 1.000000000000000042e+36 1.000000000000000042e+36 1.000000000000000042e+36 1.000000000000000042e+36 1.000000000000000042e+36 1.000000000000000042e+36 -1.046543601428140402e-01 -2.148087347108001977e-01 -2.331165493912635001e-01 -1.150201718957386959e-01 1.083572122642627311e-01 3.259782114701261779e-01 4.186766480916672140e-01 3.450074821598365094e-01 1.671685575380965627e-01 2.334143505058738650e-03 -5.613850567691801297e-02 9.822506903898270414e-03 1.453093068099262919e-01 2.668763556478861987e-01 3.157117664691821979e-01 2.876428273306454453e-01
1.000000000000000042e+36 1.000000000000000042e+36 1.000000000000000042e+36 1.000000000000000042e+36 1.000000000000000042e+36 1.000000000000000042e+36 1.000000000000000042e+36 1.000000000000000042e+36 1.000000000000000042e+36 1.000000000000000042e+36 1.000000000000000042e+36 1.000000000000000042e+36 1.000000000000000042e+36 1.000000000000000042e+36 1.000000000000000042e+36 1.000000000000000042e+36 1.000000000000000042e+36 1.000000000000000042e+36 1.000000000000000042e+36 1.000000000000000042e+36 1.000000000000000042e+36 1.000000000000000042e+36 1.000000000000000042e+36 1.000000000000000042e+36 1.000000000000000042e+36 1.000000000000000042e+36 1.000000000000000042e+36 1.000000000000000042e+36 1.000000000000000042e+36 1.000000000000000042e+36 1.000000000000000042e+36 1.000000000000000042e+36 1.000000000000000042e+36 1.000000000000000042e+36 1.000000000000000042e+36 1.000000000000000042e+36 1.000000000000000042e+36 1.000000000000000042e+36 1.000000000000000042e+36 1.000000000000000042e+36 1.000000000000000042e+36 1.000000000000000042e+36 1.000000000000000042e+36 1.000000000000000042e+36 1.000000000000000042e+36 1.000000000000000042e+36 1.000000000000000042e+36 1.000000000000000042e+36 1.000000000000000042e+36 1.000000000000000042e+36 1.000000000000000042e+36 1.000000000000000042e+36 1.000000000000000042e+36 1.000000000000000042e+36 1.000000000000000042e+36 1.000000000000000042e+36 1.000000000000000042e+36 1.000000000000000042e+36 1.000000000000000042e+36 1.000000000000000042e+36 1.000000000000000042e+36 1.000000000000000042e+36 1.000000000000000042e+36 1.000000000000000042e+36 1.000000000000000042e+36 1.000000000000000042e+36 1.000000000000000042e+36 1.000000000000000042e+36 1.000000000000000042e+36 1.000000000000000042e+36 1.000000000000000042e+36 1.000000000000000042e+36 1.000000000000000042e+36 1.000000000000000042e+36 1.000000000000000042e+36 1.000000000000000042e+36 1.000000000000000042e+36 1.000000000000000042e+36 1.000000000000000042e+36 1.000000000000000042e+36 1.000000000000000042e+36 -9.285068377416022534e-02 -2.502593979842197558e-01 -2.929006037731128886e-01 -1.545441411090131834e-01 1.292472884036998670e-01 4.099373131975690421e-01 5.235200147997599585e-01 4.097054174276393290e-01 1.494314536500822299e-01 -9.934615434635470088e-02 -2.063157102333761928e-01 -1.392039774865621304e-01 3.585682557779697882e-02 2.096943982791104055e-01 2.987220401261366787e-01 2.876428273306454453e-01
1.000000000000000042e+36 1.000000000000000042e+36 1.000000000000000042e+36 1.000000000000000042e+36 1.000000000000000042e+36 1.000000000000000042e+36 1.000000000000000042e+36 1.000000000000000042e+36 1.000000000000000042e+36 1.000000000000000042e+36 1.000000000000000042e+36 1.000000000000000042e+36 1.000000000000000042e+36 1.000000000000000042e+36 1.000000000000000042e+36 1.000000000000000042e+36 1.000000000000000042e+36 1.000000000000000042e+36 1.000000000000000042e+36 1.000000000000000042e+36 1.000000000000000042e+36 1.000000000000000042e+36 1.000000000000000042e+36 1.000000000000000042e+36 1.000000000000000042e+36 1.000000000000000042e+36 1.000000000000000042e+36 1.000000000000000042e+36 1.000000000000000042e+36 1.000000000000000042e+36 1.000000000000000042e+36 1.000000000000000042e+36 1.000000000000000042e+36 1.000000000000000042e+36 1.000000000000000042e+36 1.000000000000000042e+36 1.000000000000000042e+36 1.000000000000000042e+36 1.000000000000000042e+36 1.000000000000000042e+36 1.000000000000000042e+36 1.000000000000000042e+36 1.000000000000000042e+36 1.000000000000000042e+36 1.000000000000000042e+36 1.000000000000000042e+36 1.000000000000000042e+36 1.000000000000000042e+36 1.000000000000000042e+36 1.000000000000000042e+36 1.000000000000000042e+36 1.000000000000000042e+36 1.000000000000000042e+36 1.000000000000000042e+36 1.000000000000000042e+36 1.000000000000000042e+36 1.000000000000000042e+36 1.000000000000000042e+36 1.000000000000000042e+36 1.000000000000000042e+36 1.000000000000000042e+36 1.000000000000000042e+36 1.000000000000000042e+36 1.000000000000000042e+36 1.000000000000000042e+36 1.000000000000000042e+36 1.000000000000000042e+36 1.000000000000000042e+36 1.000000000000000042e+36 1.000000000000000042e+36 1.000000000000000042e+36 1.000000000000000042e+36 1.000000000000000042e+36 1.000000000000000042e+36 1.000000000000000042e+36 1.000000000000000042e+36 1.000000000000000042e+36 1.000000000000000042e+36 1.000000000000000042e+36 1.000000000000000042e+36 1.000000000000000042e+36 -3.812602061028118328e-02 -2.432456729824407637e-01 -3.271457787994340727e-01 -2.018397658147490226e-01 1.092194467490083115e-01 4.453777473348925486e-01 6.074464225034668097e-01 5.001910432662404205e-01 1.945902128565610567e-01 -1.302581874949394480e-01 -3.065271950146696289e-01 -2.708888989550102266e-01 -8.100164023773664956e-02 1.380536454449109995e-01 2.741376783958028307e-01 2.876428273306454453e-01
1.000000000000000042e+36 1.000000000000000042e+36 1.000000000000000042e+36 1.000000000000000042e+36 1.000000000000000042e+36 1.000000000000000042e+36 1.000000000000000042e+36 1.000000000000000042e+36 1.000000000000000042e+36 1.000000000000000042e+36 1.000000000000000042e+36 1.000000000000000042e+36 1.000000000000000042e+36 1.000000000000000042e+36 1.000000000000000042e+36 1.000000000000000042e+36 1.000000000000000042e+36 1.000000000000000042e+36 1.000000000000000042e+36 1.000000000000000042e+36 1.000000000000000042e+36 1.000000000000000042e+36 1.000000000000000042e+36 1.000000000000000042e+36 1.000000000000000042e+36 1.000000000000000042e+36 1.000000000000000042e+36 1.000000000000000042e+36 1.000000000000000042e+36 1.000000000000000042e+36 1.000000000000000042e+36 1.000000000000000042e+36 1.000000000000000042e+36 1.000000000000000042e+36 1.000000000000000042e+36 1.000000000000000042e+36 1.000000000000000042e+36 1.000000000000000042e+36 1.000000000000000042e+36 1.000000000000000042e+36 1.000000000000000042e+36 1.000000000000000042e+36 1.000000000000000042e+36 1.000000000000000042e+36 1.000000000000000042e+36 1.000000000000000042e+36 1.000000000000000042e+36 1.000000000000000042e+36 1.000000000000000042e+36 1.000000000000000042e+36 1.000000000000000042e+36 1.000000000000000042e+36 1.000000000000000042e+36 1.000000000000000042e+36 1.000000000000000042e+36 1.000000000000000042e+36 1.000000000000000042e+36 1.000000000000000042e+36 1.000000000000000042e+36 1.000000000000000042e+36 1.000000000000000042e+36 1.000000000000000042e+36 1.000000000000000042e+36 1.000000000000000042e+36 1.000000000000000042e+36 1.000000000000000042e+36 1.000000000000000042e+36 1.000000000000000042e+36 1.000000000000000042e+36 1.000000000000000042e+36 1.000000000000000042e+36 1.000000000000000042e+36 1.000000000000000042e+36 1.000000000000000042e+36 1.000000000000000042e+36 1.000000000000000042e+36 1.000000000000000042e+36 1.000000000000000042e+36 1.000000000000000042e+36 1.000000000000000042e+36 1.000000000000000042e+36 1.000000000000000042e+36 -1.926694783781044140e-01 -3.307999837693351153e-01 -2.470853562816298088e-01 5.671115341973100021e-02 4.290086082582899030e-01 6.534053277907539981e-01 5.969305887608590266e-01 2.974817372781849989e-01 -7.133909303684791980e-02 -3.171949909157847913e-01 -3.393881305441681095e-01 -1.685853980377531036e-01 7.178287707608843604e-02 2.473503184417976952e-01 2.876428273306455008e-01
1.000000000000000042e+36 1.000000000000000042e+36 1.000000000000000042e+36 1.000000000000000042e+36 1.000000000000000042e+36 1.000000000000000042e+36 1.000000000000000042e+36 1.000000000000000042e+36 1.000000000000000042e+36 1.000000000000000042e+36 1.000000000000000042e+36 1.000000000000000042e+36 1.000000000000000042e+36 1.000000000000000042e+36 1.000000000000000042e+36 1.000000000000000042e+36 1.000000000000000042e+36 1.000000000000000042e+36 1.000000000000000042e+36 1.000000000000000042e+36 1.000000000000000042e+36 1.000000000000000042e+36 1.000000000000000042e+36 1.000000000000000042e+36 1.000000000000000042e+36 1.000000000000000042e+36 1.000000000000000042e+36 1.000000000000000042e+36 1.000000000000000042e+36 1.000000000000000042e+36 1.000000000000000042e+36 1.000000000000000042e+36 1.000000000000000042e+36 1.000000000000000042e+36 1.000000000000000042e+36 1.000000000000000042e+36 1.000000000000000042e+36 1.000000000000000042e+36 1.000000000000000042e+36 1.000000000000000042e+36 1.000000000000000042e+36 1.000000000000000042e+36 1.000000000000000042e+36 1.000000000000000042e+36 1.000000000000000042e+36 1.000000000000000042e+36 1.000000000000000042e+36 1.000000000000000042e+36 1.000000000000000042e+36 1.000000000000000042e+36 1.000000000000000042e+36 1.000000000000000042e+36 1.000000000000000042e+36 1.000000000000000042e+36 1.000000000000000042e+36 1.000000000000000042e+36 1.000000000000000042e+36 1.000000000000000042e+36 1.000000000000000042e+36 1.000000000000000042e+36 1.000000000000000042e+36 1.000000000000000042e+36 1.000000000000000042e+36 1.000000000000000042e+36 1.000000000000000042e+36 1.000000000000000042e+36 1.000000000000000042e+36 1.000000000000000042e+36 1.000000000000000042e+36 1.000000000000000042e+36 1.000000000000000042e+36 1.000000000000000042e+36 1.000000000000000042e+36 1.000000000000000042e+36 1.000000000000000042e+36 1.000000000000000042e+36 1.000000000000000042e+36 1.000000000000000042e+36 1.000000000000000042e+36 1.000000000000000042e+36 1.000000000000000042e+36 1.000000000000000042e+36 -1.039842980888411594e-01 -2.986262514858489814e-01 -2.787163543934951804e-01 -1.470498028835704081e-02 3.651757827702774017e-01 6.450045101772773348e-01 6.624667881060009034e-01 4.131668371968361120e-01 4.339919384875940561e-02 -2.501064123972649433e-01 -3.359189811722096963e-01 -2.092584885939204331e-01 2.480293847313720310e-02 2.233456776175495317e-01 2.876428273306455008e-01
1.000000000000000042e+36 1.000000000000000042e+36 1.000000000000000042e+36 1.000000000000000042e+36 1.000000000000000042e+36 1.000000000000000042e+36 1.000000000000000042e+36 1.000000000000000042e+36 1.000000000000000042e+36 1.000000000000000042e+36 1.000000000000000042e+36 1.000000000000000042e+36 1.000000000000000042e+36 1.000000000000000042e+36 1.000000000000000042e+36 1.000000000000000042e+36 1.000000000000000042e+36 1.000000000000000042e+36 1.000000000000000042e+36 1.000000000000000042e+36 1.000000000000000042e+36 1.000000000000000042e+36 1.000000000000000042e+36 1.000000000000000042e+36 1.000000000000000042e+36 1.000000000000000042e+36 1.000000000000000042e+36 1.000000000000000042e+36 1.000000000000000042e+36 1.000000000000000042e+36 1.000000000000000042e+36 1.000000000000000042e+36 1.000000000000000042e+36 1.000000000000000042e+36 1.000000000000000042e+36 1.000000000000000042e+36 1.000000000000000042e+36 1.000000000000000042e+36 1.000000000000000042e+36 1.000000000000000042e+36 1.000000000000000042e+36 1.000000000000000042e+36 1.000000000000000042e+36 1.000000000000000042e+36 1.000000000000000042e+36 1.000000000000000042e+36 1.000000000000000042e+36 1.000000000000000042e+36 1.000000000000000042e+36 1.000000000000000042e+36 1.000000000000000042e+36 1.000000000000000042e+36 1.000000000000000042e+36 1.000000000000000042e+36 1.000000000000000042e+36 1.000000000000000042e+36 1.000000000000000042e+36 1.000000000000000042e+36 1.000000000000000042e+36 1.000000000000000042e+36 1.000000000000000042e+36 1.000000000000000042e+36 1.000000000000000042e+36 1.000000000000000042e+36 1.000000000000000042e+36 1.000000000000000042e+36 1.000000000000000042e+36 1.000000000000000042e+36 1.000000000000000042e+36 1.000000000000000042e+36 1.000000000000000042e+36 1.000000000000000042e+36 1.000000000000000042e+36 1.000000000000000042e+36 1.000000000000000042e+36 1.000000000000000042e+36 1.000000000000000042e+36 1.000000000000000042e+36 1.000000000000000042e+36 1.000000000000000042e+36 1.000000000000000042e+36 1.000000000000000042e+36 -9.949750798584045778e-05 -2.296900323238009467e-01 -2.810820153404028354e-01 -8.422853967498024341e-02 2.685133456383857475e-01 5.781965180913303248e-01 6.677972342621616431e-01 4.934517856392264812e-01 1.622469115753228663e-01 -1.440108068359201576e-01 -2.784993938268083280e-01 -2.037179844708594256e-01 3.107410390957623600e-03 2.056387105049243547e-01 2.876428273306455008e-01
1.000000000000000042e+36 1.000000000000000042e+36 1.000000000000000042e+36 1.000000000000000042e+36 1.000000000000000042e+36 1.000000000000000042e+36 1.000000000000000042e+36 1.000000000000000042e+36 1.000000000000000042e+36 1.000000000000000042e+36 1.000000000000000042e+36 1.000000000000000042e+36 1.000000000000000042e+36 1.000000000000000042e+36 1.000000000000000042e+36 1.000000000000000042e+36 1.000000000000000042e+36 1.000000000000000042e+36 1.000000000000000042e+36 1.000000000000000042e+36 1.000000000000000042e+36 1.000000000000000042e+36 1.000000000000000042e+36 1.000000000000000042e+36 1.000000000000000042e+36 1.000000000000000042e+36 1.000000000000000042e+36 1.000000000000000042e+36 1.000000000000000042e+36 1.000000000000000042e+36 1.000000000000000042e+36 1.000000000000000042e+36 1.000000000000000042e+36 1.000000000000000042e+36 1.000000000000000042e+36 1.000000000000000042e+36 1.000000000000000042e+36 1.000000000000000042e+36 1.000000000000000042e+36 1.000000000000000042e+36 1.000000000000000042e+36 1.000000000000000042e+36 1.000000000000000042e+36 1.000000000000000042e+36 1.000000000000000042e+36 1.000000000000000042e+36 1.000000000000000042e+36 1.000000000000000042e+36 1.000000000000000042e+36 1.000000000000000042e+36 1.000000000000000042e+36 1.000000000000000042e+36 1.000000000000000042e+36 1.000000000000000042e+36 1.000000000000000042e+36 1.000000000000000042e+36 1.000000000000000042e+36 1.000000000000000042e+36 1.000000000000000042e+36 1.000000000000000042e+36 1.000000000000000042e+36 1.000000000000000042e+36 1.000000000000000042e+36 1.000000000000000042e+36 1.000000000000000042e+36 1.000000000000000042e+36 1.000000000000000042e+36 1.000000000000000042e+36 1.000000000000000042e+36 1.000000000000000042e+36 1.000000000000000042e+36 1.000000000000000042e+36 1.000000000000000042e+36 1.000000000000000042e+36 1.000000000000000042e+36 1.000000000000000042e+36 1.000000000000000042e+36 1.000000000000000042e+36 1.000000000000000042e+36 1.000000000000000042e+36 1.000000000000000042e+36 1.000000000000000042e+36 1.000000000000000042e+36 -1.398453697110251803e-01 -2.440688023244252658e-01 -1.270265981495966867e-01 1.640737623496094366e-01 4.651417784367211095e-01 6.039281904265016987e-01 5.083592384627111382e-01 2.434135904069013034e-01 -3.905432612928123187e-02 -1.945446676131020181e-01 -1.637519163419123291e-01 5.711155801781793613e-03 1.958831952732819626e-01 2.876428273306454453e-01
1.000000000000000042e+36 1.000000000000000042e+36 1.000000000000000042e+36 1.000000000000000042e+36 1.000000000000000042e+36 1.000000000000000042e+36 1.000000000000000042e+36 1.000000000000000042e+36 1.000000000000000042e+36 1.000000000000000042e+36 1.000000000000000042e+36 1.000000000000000042e+36 1.000000000000000042e+36 1.000000000000000042e+36 1.000000000000000042e+36 1.000000000000000042e+36 1.000000000000000042e+36 1.000000000000000042e+36 1.000000000000000042e+36 1.000000000000000042e+36 1.000000000000000042e+36 1.000000000000000042e+36 1.000000000000000042e+36 1.000000000000000042e+36 1.000000000000000042e+36 1.000000000000000042e+36 1.000000000000000042e+36 1.000000000000000042e+36 1.000000000000000042e+36 1.000000000000000042e+36 1.000000000000000042e+36 1.000000000000000042e+36 1.000000000000000042e+36 1.000000000000000042e+36 1.000000000000000042e+36 1.000000000000000042e+36 1.000000000000000042e+36 1.000000000000000042e+36 1.000000000000000042e+36 1.000000000000000042e+36 1.000000000000000042e+36 1.000000000000000042e+36 1.000000000000000042e+36 1.000000000000000042e+36 1.000000000000000042e+36 1.000000000000000042e+36 1.000000000000000042e+36 1.000000000000000042e+36 1.000000000000000042e+36 1.000000000000000042e+36 1.000000000000000042e+36 1.000000000000000042e+36 1.000000000000000042e+36 1.000000000000000042e+36 1.000000000000000042e+36 1.000000000000000042e+36 1.000000000000000042e+36 1.000000000000000042e+36 1.000000000000000042e+36 1.000000000000000042e+36 1.000000000000000042e+36 1.000000000000000042e+36 1.000000000000000042e+36 1.000000000000000042e+36 1.000000000000000042e+36 1.000000000000000042e+36 1.000000000000000042e+36 1.000000000000000042e+36 1.000000000000000042e+36 1.000000000000000042e+36 1.000000000000000042e+36 1.000000000000000042e+36 1.000000000000000042e+36 1.000000000000000042e+36 1.000000000000000042e+36 1.000000000000000042e+36 1.000000000000000042e+36 1.000000000000000042e+36 1.000000000000000042e+36 1.000000000000000042e+36 1.000000000000000042e+36 1.000000000000000042e+36 1.000000000000000042e+36 -5.904487368685932408e-02 -1.744146306125647639e-01 -1.266896076484402278e-01 7.867921749568730638e-02 3.290143699083050710e-01 4.804661859736623075e-01 4.505836978601201470e-01 2.658397599585516358e-01 3.797807184975945244e-02 -1.077395117482713160e-01 -1.039456738576883948e-01 2.729645216097151272e-02 1.938319172082258457e-01 2.876428273306454453e-01
1.000000000000000042e+36 1.000000000000000042e+36 1.000000000000000042e+36 1.000000000000000042e+36 1.000000000000000042e+36 1.000000000000000042e+36 1.000000000000000042e+36 1.000000000000000042e+36 1.000000000000000042e+36 1.000000000000000042e+36 1.000000000000000042e+36 1.000000000000000042e+36 1.000000000000000042e+36 1.000000000000000042e+36 1.000000000000000042e+36 1.000000000000000042e+36 1.000000000000000042e+36 1.000000000000000042e+36 1.000000000000000042e+36 1.000000000000000042e+36 1.000000000000000042e+36 1.000000000000000042e+36 1.000000000000000042e+36 1.000000000000000042e+36 1.000000000000000042e+36 1.000000000000000042e+36 1.000000000000000042e+36 1.000000000000000042e+36 1.000000000000000042e+36 1.000000000000000042e+36 1.000000000000000042e+36 1.000000000000000042e+36 1.000000000000000042e+36 1.000000000000000042e+36 1.000000000000000042e+36 1.000000000000000042e+36 1.000000000000000042e+36 1.000000000000000042e+36 1.000000000000000042e+36 1.000000000000000042e+36 1.000000000000000042e+36 1.000000000000000042e+36 1.000000000000000042e+36 1.000000000000000042e+36 1.000000000000000042e+36 1.000000000000000042e+36 1.000000000000000042e+36 1.000000000000000042e+36 1.000000000000000042e+36 1.000000000000000042e+36 1.000000000000000042e+36 1.000000000000000042e+36 1.000000000000000042e+36 1.000000000000000042e+36 1.000000000000000042e+36 1.000000000000000042e+36 1.000000000000000042e+36 1.000000000000000042e+36 1.000000000000000042e+36 1.000000000000000042e+36 1.000000000000000042e+36 1.000000000000000042e+36 1.000000000000000042e+36 1.000000000000000042e+36 1.000000000000000042e+36 1.000000000000000042e+36 1.000000000000000042e+36 1.000000000000000042e+36 1.000000000000000042e+36 1.000000000000000042e+36 1.000000000000000042e+36 1.000000000000000042e+36 1.000000000000000042e+36 1.000000000000000042e+36 1.000000000000000042e+36 1.000000000000000042e+36 1.000000000000000042e+36 1.000000000000000042e+36 1.000000000000000042e+36 1.000000000000000042e+36 1.000000000000000042e+36 1.000000000000000042e+36 1.000000000000000042e+36 -1.131845304243170834e-02 -9.096297110889950410e-02 -8.407154510947642545e-02 2.718382843091906101e-02 1.911967797096168764e-01 3.164480014547028652e-01 3.306684943072271676e-01 2.293027438946634022e-01 7.769904343263002444e-02 -3.180204795682334967e-02 -3.658487630874699553e-02 6.101736671593443323e-02 1.979480016931587649e-01 2.876428273306454453e-01
1.000000000000000042e+36 1.000000000000000042e+36 1.000000000000000042e+36 1.000000000000000042e+36 1.000000000000000042e+36 1.000000000000000042e+36 1.000000000000000042e+36 1.000000000000000042e+36 1.000000000000000042e+36 1.000000000000000042e+36 1.000000000000000042e+36 1.000000000000000042e+36 1.000000000000000042e+36 1.000000000000000042e+36 1.000000000000000042e+36 1.000000000000000042e+36 1.000000000000000042e+36 1.000000000000000042e+36 1.000000000000000042e+36 1.000000000000000042e+36 1.000000000000000042e+36 1.000000000000000042e+36 1.000000000000000042e+36 1.000000000000000042e+36 1.000000000000000042e+36 1.000000000000000042e+36 1.000000000000000042e+36 1.000000000000000042e+36 1.000000000000000042e+36 1.000000000000000042e+36 1.000000000000000042e+36 1.000000000000000042e+36 1.000000000000000042e+36 1.000000000000000042e+36 1.000000000000000042e+36 1.000000000000000042e+36 1.000000000000000042e+36 1.000000000000000042e+36 1.000000000000000042e+36 1.000000000000000042e+36 1.000000000000000042e+36 1.000000000000000042e+36 1.000000000000000042e+36 1.000000000000000042e+36 1.000000000000000042e+36 1.000000000000000042e+36 1.000000000000000042e+36 1.000000000000000042e+36 1.000000000000000042e+36 1.000000000000000042e+36 1.000000000000000042e+36 1.000000000000000042e+36 1.000000000000000042e+36 1.000000000000000042e+36 1.000000000000000042e+36 1.000000000000000042e+36 1.000000000000000042e+36 1.000000000000000042e+36 1.000000000000000042e+36 1.000000000000000042e+36 1.000000000000000042e+36 1.000000000000000042e+36 1.000000000000000042e+36 1.000000000000000042e+36 1.000000000000000042e+36 1.000000000000000042e+36 1.000000000000000042e+36 1.000000000000000042e+36 1.000000000000000042e+36 1.000000000000000042e+36 1.000000000000000042e+36 1.000000000000000042e+36 1.000000000000000042e+36 1.000000000000000042e+36 1.000000000000000042e+36 1.000000000000000042e+36 1.000000000000000042e+36 1.000000000000000042e+36 1.000000000000000042e+36 1.000000000000000042e+36 1.000000000000000042e+36 1.000000000000000042e+36 1.000000000000000042e+36 1.000000000000000042e+36 -8.730104080816987466e-03 -1.298852779130960089e-02 5.610501774219952414e-03 6.003129651185905302e-02 1.294665413503913454e-01 1.689328411903347205e-01 1.494331270595561645e-01 8.624923211646266796e-02 3.001744127433735379e-02 3.014555964096957141e-02 9.982995423737553442e-02 2.057533644032685238e-01 2.876428273306454453e-01
1.000000000000000042e+36 1.000000000000000042e+36 1.000000000000000042e+36 1.000000000000000042e+36 1.000000000000000042e+36 1.000000000000000042e+36 1.000000000000000042e+36 1.000000000000000042e+36 1.000000000000000042e+36 1.000000000000000042e+36 1.000000000000000042e+36 1.000000000000000042e+36 1.000000000000000042e+36 1.000000000000000042e+36 1.000000000000000042e+36 1.000000000000000042e+36 1.000000000000000042e+36 1.000000000000000042e+36 1.000000000000000042e+36 1.000000000000000042e+36 1.000000000000000042e+36 1.000000000000000042e+36 1.000000000000000042e+36 1.000000000000000042e+36 1.000000000000000042e+36 1.000000000000000042e+36 1.000000000000000042e+36 1.000000000000000042e+36 1.000000000000000042e+36 1.000000000000000042e+36 1.000000000000000042e+36 1.000000000000000042e+36 1.000000000000000042e+36 1.000000000000000042e+36 1.000000000000000042e+36 1.000000000000000042e+36 1.000000000000000042e+36 1.000000000000000042e+36 1.000000000000000042e+36 1.000000000000000042e+36 1.000000000000000042e+36 1.000000000000000042e+36 1.000000000000000042e+36 1.000000000000000042e+36 1.000000000000000042e+36 1.000000000000000042e+36 1.000000000000000042e+36 1.000000000000000042e+36 1.000000000000000042e+36 1.000000000000000042e+36 1.000000000000000042e+36 1.000000000000000042e+36 1.000000000000000042e+36 1.000000000000000042e+36 1.000000000000000042e+36 1.000000000000000042e+36 1.000000000000000042e+36 1.000000000000000042e+36 1.000000000000000042e+36 1.000000000000000042e+36 1.000000000000000042e+36 1.000000000000000042e+36 1.000000000000000042e+36 1.000000000000000042e+36 1.000000000000000042e+36 1.000000000000000042e+36 1.000000000000000042e+36 1.000000000000000042e+36 1.000000000000000042e+36 1.000000000000000042e+36 1.000000000000000042e+36 1.000000000000000042e+36 1.000000000000000042e+36 1.000000000000000042e+36 1.000000000000000042e+36 1.000000000000000042e+36 1.000000000000000042e+36 1.000000000000000042e+36 1.000000000000000042e+36 1.000000000000000042e+36 1.000000000000000042e+36 1.000000000000000042e+36 1.000000000000000042e+36 1.000000000000000042e+36 7.086766625530846464e-02 6.876019435200252106e-02 -6.157841424356979079e-03 -7.199088316134753807e-02 -6.936119516078716185e-02 -1.028841022271924886e-02 5.198792045787203886e-02 8.036067412903614982e-02 8.165998714271527348e-02 9.123140077669836256e-02 1.371101932799765610e-01 2.146002166297044655e-01 2.876428273306454453e-01
1.000000000000000042e+36 1.000000000000000042e+36 1.000000000000000042e+36 1.000000000000000042e+36 1.000000000000000042e+36 1.000000000000000042e+36 1.000000000000000042e+36 1.000000000000000042e+36 1.000000000000000042e+36 1.000000000000000042e+36 1.000000000000000042e+36 1.000000000000000042e+36 1.000000000000000042e+36 1.000000000000000042e+36 1.000000000000000042e+36 1.000000000000000042e+36 1.000000000000000042e+36 1.000000000000000042e+36 1.000000000000000042e+36 1.000000000000000042e+36 1.000000000000000042e+36 1.000000000000000042e+36 1.000000000000000042e+36 1.000000000000000042e+36 1.000000000000000042e+36 1.000000000000000042e+36 1.000000000000000042e+36 1.000000000000000042e+36 1.000000000000000042e+36 1.000000000000000042e+36 1.000000000000000042e+36 1.000000000000000042e+36 1.000000000000000042e+36 1.000000000000000042e+36 1.000000000000000042e+36 1.000000000000000042e+36 1.000000000000000042e+36 1.000000000000000042e+36 1.000000000000000042e+36 1.000000000000000042e+36 1.000000000000000042e+36 1.000000000000000042e+36 1.000000000000000042e+36 1.000000000000000042e+36 1.000000000000000042e+36 1.000000000000000042e+36 1.000000000000000042e+36 1.000000000000000042e+36 1.000000000000000042e+36 1.000000000000000042e+36 1.000000000000000042e+36 1.000000000000000042e+36 1.000000000000000042e+36 1.000000000000000042e+36 1.000000000000000042e+36 1.000000000000000042e+36 1.000000000000000042e+36 1.000000000000000042e+36 1.000000000000000042e+36 1.000000000000000042e+36 1.000000000000000042e+36 1.000000000000000042e+36 1.000000000000000042e+36 1.000000000000000042e+36 1.000000000000000042e+36 1.000000000000000042e+36 1.000000000000000042e+36 1.000000000000000042e+36 1.000000000000000042e+36 1.000000000000000042e+36 1.000000000000000042e+36 1.000000000000000042e+36 1.000000000000000042e+36 1.000000000000000042e+36 1.000000000000000042e+36 1.000000000000000042e+36 1.000000000000000042e+36 1.000000000000000042e+36 1.000000000000000042e+36 1.000000000000000042e+36 1.000000000000000042e+36 1.000000000000000042e+36 1.000000000000000042e+36 1.000000000000000042e+36 1.560275152746368188e-01 1.419344315257854705e-01 -3.756522166639175014e-02 -2.208545971931234198e-01 -2.712467078760641415e-01 -1.796106533308148012e-01 -3.259278524100192587e-02 8.008111715744613279e-02 1.286165747108573842e-01 1.421908415895336286e-01 1.666524431623229996e-01 2.218977481052188394e-01 2.876428273306454453e-01
1.000000000000000042e+36 1.000000000000000042e+36 1.000000000000000042e+36 1.000000000000000042e+36 1.000000000000000042e+36 1.000000000000000042e+36 1.000000000000000042e+36 1.000000000000000042e+36 1.000000000000000042e+36 1.000000000000000042e+36 1.000000000000000042e+36 1.000000000000000042e+36 1.000000000000000042e+36 1.000000000000000042e+36 1.000000000000000042e+36 1.000000000000000042e+36 1.000000000000000042e+36 1.000000000000000042e+36 1.000000000000000042e+36 1.000000000000000042e+36 1.000000000000000042e+36 1.000000000000000042e+36 1.000000000000000042e+36 1.000000000000000042e+36 1.000000000000000042e+36 1.000000000000000042e+36 1.000000000000000042e+36 1.000000000000000042e+36 1.000000000000000042e+36 1.000000000000000042e+36 1.000000000000000042e+36 1.000000000000000042e+36 1.000000000000000042e+36 1.000000000000000042e+36 1.000000000000000042e+36 1.000000000000000042e+36 1.000000000000000042e+36 1.000000000000000042e+36 1.000000000000000042e+36 1.000000000000000042e+36 1.000000000000000042e+36 1.000000000000000042e+36 1.000000000000000042e+36 1.000000000000000042e+36 1.000000000000000042e+36 1.000000000000000042e+36 1.000000000000000042e+36 1.000000000000000042e+36 1.000000000000000042e+36 1.000000000000000042e+36 1.000000000000000042e+36 1.000000000000000042e+36 1.000000000000000042e+36 1.000000000000000042e+36 1.000000000000000042e+36 1.000000000000000042e+36 1.000000000000000042e+36 1.000000000000000042e+36 1.000000000000000042e+36 1.000000000000000042e+36 1.000000000000000042e+36 1.000000000000000042e+36 1.000000000000000042e+36 1.000000000000000042e+36 1.000000000000000042e+36 1.000000000000000042e+36 1.000000000000000042e+36 1.000000000000000042e+36 1.000000000000000042e+36 1.000000000000000042e+36 1.000000000000000042e+36 1.000000000000000042e+36 1.000000000000000042e+36 1.000000000000000042e+36 1.000000000000000042e+36 1.000000000000000042e+36 1.000000000000000042e+36 1.000000000000000042e+36 1.000000000000000042e+36 1.000000000000000042e+36 1.000000000000000042e+36 1.000000000000000042e+36 1.000000000000000042e+36 3.314846781188045266e-02 2.504516521824288744e-01 1.810343546340009713e-01 -1.192993308970681787e-01 -3.967763424849700127e-01 -4.591649472323453551e-01 -3.069328524855696183e-01 -7.534303020720135857e-02 1.000301242522188550e-01 1.711204067194908307e-01 1.763256353705568713e-01 1.825754302858439981e-01 2.257474699162141663e-01 2.876428273306454453e-01
1.000000000000000042e+36 1.000000000000000042e+36 1.000000000000000042e+36 1.000000000000000042e+36 1.000000000000000042e+36 1.000000000000000042e+36 1.000000000000000042e+36 1.000000000000000042e+36 1.000000000000000042e+36 1.000000000000000042e+36 1.000000000000000042e+36 1.000000000000000042e+36 1.000000000000000042e+36 1.000000000000000042e+36 1.000000000000000042e+36 1.000000000000000042e+36 1.000000000000000042e+36 1.000000000000000042e+36 1.000000000000000042e+36 1.000000000000000042e+36 1.000000000000000042e+36 1.000000000000000042e+36 1.000000000000000042e+36 1.000000000000000042e+36 1.000000000000000042e+36 1.000000000000000042e+36 1.000000000000000042e+36 1.000000000000000042e+36 1.000000000000000042e+36 1.000000000000000042e+36 1.000000000000000042e+36 1.000000000000000042e+36 1.000000000000000042e+36 1.000000000000000042e+36 1.000000000000000042e+36 1.000000000000000042e+36 1.000000000000000042e+36 1.000000000000000042e+36 1.000000000000000042e+36 1.000000000000000042e+36 1.000000000000000042e+36 1.000000000000000042e+36 1.000000000000000042e+36 1.000000000000000042e+36 1.000000000000000042e+36 1.000000000000000042e+36 1.000000000000000042e+36 1.000000000000000042e+36 1.000000000000000042e+36 1.000000000000000042e+36 1.000000000000000042e+36 1.000000000000000042e+36 1.000000000000000042e+36 1.000000000000000042e+36 1.000000000000000042e+36 1.000000000000000042e+36 1.000000000000000042e+36 1.000000000000000042e+36 1.000000000000000042e+36 1.000000000000000042e+36 1.000000000000000042e+36 1.000000000000000042e+36 1.000000000000000042e+36 1.000000000000000042e+36 1.000000000000000042e+36 1.000000000000000042e+36 1.000000000000000042e+36 1.000000000000000042e+36 1.000000000000000042e+36 1.000000000000000042e+36 1.000000000000000042e+36 1.000000000000000042e+36 1.000000000000000042e+36 1.000000000000000042e+36 1.000000000000000042e+36 1.000000000000000042e+36 1.000000000000000042e+36 1.000000000000000042e+36 1.000000000000000042e+36 1.000000000000000042e+36 1.000000000000000042e+36 1.000000000000000042e+36 1.000000000000000042e+36 1.270406622417592502e-01 3.372071821780975864e-01 1.526453044150609117e-01 -2.692281323506134916e-01 -5.868973847582794612e-01 -5.992802919713136056e-01 -3.589076117720881864e-01 -5.901008303215226486e-02 1.395286682715078386e-01 1.990146536904154884e-01 1.838521498384231567e-01 1.801720294439558001e-01 2.252644478208918055e-01 2.876428273306454453e-01
1.000000000000000042e+36 1.000000000000000042e+36 1.000000000000000042e+36 1.000000000000000042e+36 1.000000000000000042e+36 1.000000000000000042e+36 1.000000000000000042e+36 1.000000000000000042e+36 1.000000000000000042e+36 1.000000000000000042e+36 1.000000000000000042e+36 1.000000000000000042e+36 1.000000000000000042e+36 1.000000000000000042e+36 1.000000000000000042e+36 1.000000000000000042e+36 1.000000000000000042e+36 1.000000000000000042e+36 1.000000000000000042e+36 1.000000000000000042e+36 1.000000000000000042e+36 1.000000000000000042e+36 1.000000000000000042e+36 1.000000000000000042e+36 1.000000000000000042e+36 1.000000000000000042e+36 1.000000000000000042e+36 1.000000000000000042e+36 1.000000000000000042e+36 1.000000000000000042e+36 1.000000000000000042e+36 1.000000000000000042e+36 1.000000000000000042e+36 1.000000000000000042e+36 1.000000000000000042e+36 1.000000000000000042e+36 1.000000000000000042e+36 1.000000000000000042e+36 1.000000000000000042e+36 1.000000000000000042e+36 1.000000000000000042e+36 1.000000000000000042e+36 1.000000000000000042e+36 1.000000000000000042e+36 1.000000000000000042e+36 1.000000000000000042e+36 1.000000000000000042e+36 1.000000000000000042e+36 1.000000000000000042e+36 1.000000000000000042e+36 1.000000000000000042e+36 1.000000000000000042e+36 1.000000000000000042e+36 1.000000000000000042e+36 1.000000000000000042e+36 1.000000000000000042e+36 1.000000000000000042e+36 1.000000000000000042e+36 1.000000000000000042e+36 1.000000000000000042e+36 1.000000000000000042e+36 1.000000000000000042e+36 1.000000000000000042e+36 1.000000000000000042e+36 1.000000000000000042e+36 1.000000000000000042e+36 1.000000000000000042e+36 1.000000000000000042e+36 1.000000000000000042e+36 1.000000000000000042e+36 1.000000000000000042e+36 1.000000000000000042e+36 1.000000000000000042e+36 1.000000000000000042e+36 1.000000000000000042e+36 1.000000000000000042e+36 1.000000000000000042e+36 1.000000000000000042e+36 1.000000000000000042e+36 1.000000000000000042e+36 1.000000000000000042e+36 1.000000000000000042e+36 1.000000000000000042e+36 2.615530024251863650e-01 3.734457127393926990e-01 3.042094924802325046e-02 -4.713704419591725481e-01 -7.448085818847454131e-01 -6.467857787060647956e-01 -3.163912239296559625e-01 7.630216812641162256e-03 1.758426934225501004e-01 1.918988142009919462e-01 1.546844173749628015e-01 1.578229251514461917e-01 2.211187480987077680e-01 2.876428273306454453e-01
1.000000000000000042e+36 1.000000000000000042e+36 1.000000000000000042e+36 1.000000000000000042e+36 1.000000000000000042e+36 1.000000000000000042e+36 1.000000000000000042e+36 1.000000000000000042e+36 1.000000000000000042e+36 1.000000000000000042e+36 1.000000000000000042e+36 1.000000000000000042e+36 1.000000000000000042e+36 1.000000000000000042e+36 1.000000000000000042e+36 1.000000000000000042e+36 1.000000000000000042e+36 1.000000000000000042e+36 1.000000000000000042e+36 1.000000000000000042e+36 1.000000000000000042e+36 1.000000000000000042e+36 1.000000000000000042e+36 1.000000000000000042e+36 1.000000000000000042e+36 1.000000000000000042e+36 1.000000000000000042e+36 1.000000000000000042e+36 1.000000000000000042e+36 1.000000000000000042e+36 1.000000000000000042e+36 1.000000000000000042e+36 1.000000000000000042e+36 1.000000000000000042e+36 1.000000000000000042e+36 1.000000000000000042e+36 1.000000000000000042e+36 1.000000000000000042e+36 1.000000000000000042e+36 1.000000000000000042e+36 1.000000000000000042e+36 1.000000000000000042e+36 1.000000000000000042e+36 1.000000000000000042e+36 1.000000000000000042e+36 1.000000000000000042e+36 1.000000000000000042e+36 1.000000000000000042e+36 1.000000000000000042e+36 1.000000000000000042e+36 1.000000000000000042e+36 1.000000000000000042e+36 1.000000000000000042e+36 1.000000000000000042e+36 1.000000000000000042e+36 1.000000000000000042e+36 1.000000000000000042e+36 1.000000000000000042e+36 1.000000000000000042e+36 1.000000000000000042e+36 1.000000000000000042e+36 1.000000000000000042e+36 1.000000000000000042e+36 1.000000000000000042e+36 1.000000000000000042e+36 1.000000000000000042e+36 1.000000000000000042e+36 1.000000000000000042e+36 1.000000000000000042e+36 1.000000000000000042e+36 1.000000000000000042e+36 1.000000000000000042e+36 1.000000000000000042e+36 1.000000000000000042e+36 1.000000000000000042e+36 1.000000000000000042e+36 1.000000000000000042e+36 1.000000000000000042e+36 1.000000000000000042e+36 1.000000000000000042e+36 1.000000000000000042e+36 1.000000000000000042e+36 1.813944961803836504e-04 3.813632884673475165e-01 3.127045119229483472e-01 -1.732284972113156685e-01 -6.626845884077731119e-01 -8.046514143705705280e-01 -5.742641370796879308e-01 -1.977100238343627581e-01 8.157837685541603767e-02 1.691196661061269702e-01 1.286832877693672439e-01 8.562184604186348635e-02 1.195495415185731519e-01 2.155196325194252416e-01 2.876428273306453898e-01
1.000000000000000042e+36 1.000000000000000042e+36 1.000000000000000042e+36 1.000000000000000042e+36 1.000000000000000042e+36 1.000000000000000042e+36 1.000000000000000042e+36 1.000000000000000042e+36 1.000000000000000042e+36 1.000000000000000042e+36 1.000000000000000042e+36 1.000000000000000042e+36 1.000000000000000042e+36 1.000000000000000042e+36 1.000000000000000042e+36 1.000000000000000042e+36 1.000000000000000042e+36 1.000000000000000042e+36 1.000000000000000042e+36 1.000000000000000042e+36 1.000000000000000042e+36 1.000000000000000042e+36 1.000000000000000042e+36 1.000000000000000042e+36 1.000000000000000042e+36 1.000000000000000042e+36 1.000000000000000042e+36 1.000000000000000042e+36 1.000000000000000042e+36 1.000000000000000042e+36 1.000000000000000042e+36 1.000000000000000042e+36 1.000000000000000042e+36 1.000000000000000042e+36 1.000000000000000042e+36 1.000000000000000042e+36 1.000000000000000042e+36 1.000000000000000042e+36 1.000000000000000042e+36 1.000000000000000042e+36 1.000000000000000042e+36 1.000000000000000042e+36 1.000000000000000042e+36 1.000000000000000042e+36 1.000000000000000042e+36 1.000000000000000042e+36 1.000000000000000042e+36 1.000000000000000042e+36 1.000000000000000042e+36 1.000000000000000042e+36 1.000000000000000042e+36 1.000000000000000042e+36 1.000000000000000042e+36 1.000000000000000042e+36 1.000000000000000042e+36 1.000000000000000042e+36 1.000000000000000042e+36 1.000000000000000042e+36 1.000000000000000042e+36 1.000000000000000042e+36 1.000000000000000042e+36 1.000000000000000042e+36 1.000000000000000042e+36 1.000000000000000042e+36 1.000000000000000042e+36 1.000000000000000042e+36 1.000000000000000042e+36 1.000000000000000042e+36 1.000000000000000042e+36 1.000000000000000042e+36 1.000000000000000042e+36 1.000000000000000042e+36 1.000000000000000042e+36 1.000000000000000042e+36 1.000000000000000042e+36 1.000000000000000042e+36 1.000000000000000042e+36 1.000000000000000042e+36 1.000000000000000042e+36 1.000000000000000042e+36 1.000000000000000042e+36 1.000000000000000042e+36 1.794211736573747273e-01 4.165117589709313450e-01 1.520656831501026873e-01 -3.865686025388471170e-01 -7.562358734260422599e-01 -7.269765335978202181e-01 -4.077341818522371431e-01 -6.773715901395375993e-02 1.005559759114495744e-01 8.591661134656077004e-02 6.393045306556946472e-03 -1.116700157604232600e-02 7.649696191876971529e-02 2.119647554427282754e-01 2.876428273306453898e-01
1.000000000000000042e+36 1.000000000000000042e+36 1.000000000000000042e+36 1.000000000000000042e+36 1.000000000000000042e+36 1.000000000000000042e+36 1.000000000000000042e+36 1.000000000000000042e+36 1.000000000000000042e+36 1.000000000000000042e+36 1.000000000000000042e+36 1.000000000000000042e+36 1.000000000000000042e+36 1.000000000000000042e+36 1.000000000000000042e+36 1.000000000000000042e+36 1.000000000000000042e+36 1.000000000000000042e+36 1.000000000000000042e+36 1.000000000000000042e+36 1.000000000000000042e+36 1.000000000000000042e+36 1.000000000000000042e+36 1.000000000000000042e+36 1.000000000000000042e+36 1.000000000000000042e+36 1.000000000000000042e+36 1.000000000000000042e+36 1.000000000000000042e+36 1.000000000000000042e+36 1.000000000000000042e+36 1.000000000000000042e+36 1.000000000000000042e+36 1.000000000000000042e+36 1.000000000000000042e+36 1.000000000000000042e+36 1.000000000000000042e+36 1.000000000000000042e+36 1.000000000000000042e+36 1.000000000000000042e+36 1.000000000000000042e+36 1.000000000000000042e+36 1.000000000000000042e+36 1.000000000000000042e+36 1.000000000000000042e+36 1.000000000000000042e+36 1.000000000000000042e+36 1.000000000000000042e+36 1.000000000000000042e+36 1.000000000000000042e+36 1.000000000000000042e+36 1.000000000000000042e+36 1.000000000000000042e+36 1.000000000000000042e+36 1.000000000000000042e+36 1.000000000000000042e+36 1.000000000000000042e+36 1.000000000000000042e+36 1.000000000000000042e+36 1.000000000000000042e+36 1.000000000000000042e+36 1.000000000000000042e+36 1.000000000000000042e+36 1.000000000000000042e+36 1.000000000000000042e+36 1.000000000000000042e+36 1.000000000000000042e+36 1.000000000000000042e+36 1.000000000000000042e+36 1.000000000000000042e+36 1.000000000000000042e+36 1.000000000000000042e+36 1.000000000000000042e+36 1.000000000000000042e+36 1.000000000000000042e+36 1.000000000000000042e+36 1.000000000000000042e+36 1.000000000000000042e+36 1.000000000000000042e+36 1.000000000000000042e+36 1.000000000000000042e+36 1.000000000000000042e+36 2.991324516255424171e-01 3.419366764473837361e-01 -4.152417634150246117e-02 -5.120323525093589678e-01 -7.045863568284306266e-01 -5.446278382624301084e-01 -2.295144904711503286e-01 -4.093297816008087571e-03 2.814674271121657065e-02 -6.575003620943588312e-02 -1.434206689707015203e-01 -1.048855319160893057e-01 4.537215019140560662e-02 2.141849761817441744e-01 2.876428273306453898e-01
1.000000000000000042e+36 1.000000000000000042e+36 1.000000000000000042e+36 1.000000000000000042e+36 1.000000000000000042e+36 1.000000000000000042e+36 1.000000000000000042e+36 1.000000000000000042e+36 1.000000000000000042e+36 1.000000000000000042e+36 1.000000000000000042e+36 1.000000000000000042e+36 1.000000000000000042e+36 1.000000000000000042e+36 1.000000000000000042e+36 1.000000000000000042e+36 1.000000000000000042e+36 1.000000000000000042e+36 1.000000000000000042e+36 1.000000000000000042e+36 1.000000000000000042e+36 1.000000000000000042e+36 1.000000000000000042e+36 1.000000000000000042e+36 1.000000000000000042e+36 1.000000000000000042e+36 1.000000000000000042e+36 1.000000000000000042e+36 1.000000000000000042e+36 1.000000000000000042e+36 1.000000000000000042e+36 1.000000000000000042e+36 1.000000000000000042e+36 1.000000000000000042e+36 1.000000000000000042e+36 1.000000000000000042e+36 1.000000000000000042e+36 1.000000000000000042e+36 1.000000000000000042e+36 1.000000000000000042e+36 1.000000000000000042e+36 1.000000000000000042e+36 1.000000000000000042e+36 1.000000000000000042e+36 1.000000000000000042e+36 1.000000000000000042e+36 1.000000000000000042e+36 1.000000000000000042e+36 1.000000000000000042e+36 1.000000000000000042e+36 1.000000000000000042e+36 1.000000000000000042e+36 1.000000000000000042e+36 1.000000000000000042e+36 1.000000000000000042e+36 1.000000000000000042e+36 1.000000000000000042e+36 1.000000000000000042e+36 1.000000000000000042e+36 1.000000000000000042e+36 1.000000000000000042e+36 1.000000000000000042e+36 1.000000000000000042e+36 1.000000000000000042e+36 1.000000000000000042e+36 1.000000000000000042e+36 1.000000000000000042e+36 1.000000000000000042e+36 1.000000000000000042e+36 1.000000000000000042e+36 1.000000000000000042e+36 1.000000000000000042e+36 1.000000000000000042e+36 1.000000000000000042e+36 1.000000000000000042e+36 1.000000000000000042e+36 1.000000000000000042e+36 1.000000000000000042e+36 1.000000000000000042e+36 1.000000000000000042e+36 1.000000000000000042e+36 5.971703216125912039e-02 3.124536821014622379e-01 2.071239612826291099e-01 -1.745150087521326887e-01 -5.020016822204503848e-01 -5.458123993387687944e-01 -3.479819705859513723e-01 -1.184154950575528331e-01 -2.977072127104597038e-02 -1.002723248822167401e-01 -2.199611467477117777e-01 -2.574180771664495437e-01 -1.548288992839531308e-01 4.265885598489817243e-02 2.248257174924138679e-01 2.876428273306454453e-01
1.000000000000000042e+36 1.000000000000000042e+36 1.000000000000000042e+36 1.000000000000000042e+36 1.000000000000000042e+36 1.000000000000000042e+36 1.000000000000000042e+36 1.000000000000000042e+36 1.000000000000000042e+36 1.000000000000000042e+36 1.000000000000000042e+36 1.000000000000000042e+36 1.000000000000000042e+36 1.000000000000000042e+36 1.000000000000000042e+36 1.000000000000000042e+36 1.000000000000000042e+36 1.000000000000000042e+36 1.000000000000000042e+36 1.000000000000000042e+36 1.000000000000000042e+36 1.000000000000000042e+36 1.000000000000000042e+36 1.000000000000000042e+36 1.000000000000000042e+36 1.000000000000000042e+36 1.000000000000000042e+36 1.000000000000000042e+36 1.000000000000000042e+36 1.000000000000000042e+36 1.000000000000000042e+36 1.000000000000000042e+36 1.000000000000000042e+36 1.000000000000000042e+36 1.000000000000000042e+36 1.000000000000000042e+36 1.000000000000000042e+36 1.000000000000000042e+36 1.000000000000000042e+36 1.000000000000000042e+36 1.000000000000000042e+36 1.000000000000000042e+36 1.000000000000000042e+36 1.000000000000000042e+36 1.000000000000000042e+36 1.000000000000000042e+36 1.000000000000000042e+36 1.000000000000000042e+36 1.000000000000000042e+36 1.000000000000000042e+36 1.000000000000000042e+36 1.000000000000000042e+36 1.000000000000000042e+36 1.000000000000000042e+36 1.000000000000000042e+36 1.000000000000000042e+36 1.000000000000000042e+36 1.000000000000000042e+36 1.000000000000000042e+36 1.000000000000000042e+36 1.000000000000000042e+36 1.000000000000000042e+36 1.000000000000000042e+36 1.000000000000000042e+36 1.000000000000000042e+36 1.000000000000000042e+36 1.000000000000000042e+36 1.000000000000000042e+36 1.000000000000000042e+36 1.000000000000000042e+36 1.000000000000000042e+36 1.000000000000000042e+36 1.000000000000000042e+36 1.000000000000000042e+36 1.000000000000000042e+36 1.000000000000000042e+36 1.000000000000000042e+36 1.000000000000000042e+36 1.000000000000000042e+36 1.000000000000000042e+36 1.000000000000000042e+36 1.251993791419307167e-01 2.435394861434140856e-01 8.793917584466537374e-02 -2.062536292082253475e-01 -3.954230675594398448e-01 -3.662968110914738840e-01 -2.037057950111471061e-01 -7.513608263895640849e-02 -7.962177597996494827e-02 -1.869274883358651718e-01 -2.850582668217294113e-01 -2.736117039537177553e-01 -1.314277602047993765e-01 7.655814316780928941e-02 2.440744882627061130e-01 2.876428273306454453e-01
1.000000000000000042e+36 1.000000000000000042e+36 1.000000000000000042e+36 1.000000000000000042e+36 1.000000000000000042e+36 1.000000000000000042e+36 1.000000000000000042e+36 1.000000000000000042e+36 1.000000000000000042e+36 1.000000000000000042e+36 1.000000000000000042e+36 1.000000000000000042e+36 1.000000000000000042e+36 1.000000000000000042e+36 1.000000000000000042e+36 1.000000000000000042e+36 1.000000000000000042e+36 1.000000000000000042e+36 1.000000000000000042e+36 1.000000000000000042e+36 1.000000000000000042e+36 1.000000000000000042e+36 1.000000000000000042e+36 1.000000000000000042e+36 1.000000000000000042e+36 1.000000000000000042e+36 1.000000000000000042e+36 1.000000000000000042e+36 1.000000000000000042e+36 1.000000000000000042e+36 1.000000000000000042e+36 1.000000000000000042e+36 1.000000000000000042e+36 1.000000000000000042e+36 1.000000000000000042e+36 1.000000000000000042e+36 1.000000000000000042e+36 1.000000000000000042e+36 1.000000000000000042e+36 1.000000000000000042e+36 1.000000000000000042e+36 1.000000000000000042e+36 1.000000000000000042e+36 1.000000000000000042e+36 1.000000000000000042e+36 1.000000000000000042e+36 1.000000000000000042e+36 1.000000000000000042e+36 1.000000000000000042e+36 1.000000000000000042e+36 1.000000000000000042e+36 1.000000000000000042e+36 1.000000000000000042e+36 1.000000000000000042e+36 1.000000000000000042e+36 1.000000000000000042e+36 1.000000000000000042e+36 1.000000000000000042e+36 1.000000000000000042e+36 1.000000000000000042e+36 1.000000000000000042e+36 1.000000000000000042e+36 1.000000000000000042e+36 1.000000000000000042e+36 1.000000000000000042e+36 1.000000000000000042e+36 1.000000000000000042e+36 1.000000000000000042e+36 1.000000000000000042e+36 1.000000000000000042e+36 1.000000000000000042e+36 1.000000000000000042e+36 1.000000000000000042e+36 1.000000000000000042e+36 1.000000000000000042e+36 1.000000000000000042e+36 1.000000000000000042e+36 1.000000000000000042e+36 1.000000000000000042e+36 1.000000000000000042e+36 1.000000000000000042e+36 1.100828298958292512e-01 1.452478309748452545e-01 1.528076646107206712e-02 -1.711081878468730388e-01 -2.647695164238155763e-01 -2.153202019768489239e-01 -9.813771314517492905e-02 -2.864061963595570040e-02 -6.071953422903925146e-02 -1.536404572691046633e-01 -2.159512804312078427e-01 -1.777951252253053005e-01 -3.758734018964871026e-02 1.406134056922606623e-01 2.689713699562442106e-01 2.876428273306454453e-01
1.000000000000000042e+36 1.000000000000000042e+36 1.000000000000000042e+36 1.000000000000000042e+36 1.000000000000000042e+36 1.000000000000000042e+36 1.000000000000000042e+36 1.000000000000000042e+36 1.000000000000000042e+36 1.000000000000000042e+36 1.000000000000000042e+36 1.000000000000000042e+36 1.000000000000000042e+36 1.000000000000000042e+36 1.000000000000000042e+36 1.000000000000000042e+36 1.000000000000000042e+36 1.000000000000000042e+36 1.000000000000000042e+36 1.000000000000000042e+36 1.000000000000000042e+36 1.000000000000000042e+36 1.000000000000000042e+36 1.000000000000000042e+36 1.000000000000000042e+36 1.000000000000000042e+36 1.000000000000000042e+36 1.000000000000000042e+36 1.000000000000000042e+36 1.000000000000000042e+36 1.000000000000000042e+36 1.000000000000000042e+36 1.000000000000000042e+36 1.000000000000000042e+36 1.000000000000000042e+36 1.000000000000000042e+36 1.000000000000000042e+36 1.000000000000000042e+36 1.000000000000000042e+36 1.000000000000000042e+36 1.000000000000000042e+36 1.000000000000000042e+36 1.000000000000000042e+36 1.000000000000000042e+36 1.000000000000000042e+36 1.000000000000000042e+36 1.000000000000000042e+36 1.000000000000000042e+36 1.000000000000000042e+36 1.000000000000000042e+36 1.000000000000000042e+36 1.000000000000000042e+36 1.000000000000000042e+36 1.000000000000000042e+36 1.000000000000000042e+36 1.000000000000000042e+36 1.000000000000000042e+36 1.000000000000000042e+36 1.000000000000000042e+36 1.000000000000000042e+36 1.000000000000000042e+36 1.000000000000000042e+36 1.000000000000000042e+36 1.000000000000000042e+36 1.000000000000000042e+36 1.000000000000000042e+36 1.000000000000000042e+36 1.000000000000000042e+36 1.000000000000000042e+36 1.000000000000000042e+36 1.000000000000000042e+36 1.000000000000000042e+36 1.000000000000000042e+36 1.000000000000000042e+36 1.000000000000000042e+36 1.000000000000000042e+36 1.000000000000000042e+36 1.000000000000000042e+36 1.000000000000000042e+36 1.000000000000000042e+36 1.000000000000000042e+36 5.062247668823163793e-02 4.597679305723756382e-02 -3.324787888414779818e-02 -1.244976817730078650e-01 -1.470797358904212260e-01 -8.027671662126391328e-02 1.868479457798869273e-02 7.057614637249308431e-02 4.375801537633281640e-02 -2.446737960879316956e-02 -6.342569508381858123e-02 -2.450643546836801800e-02 8.609796781129826215e-02 2.142607144894966842e-01 2.940781459996713587e-01 2.876428273306454453e-01
1.000000000000000042e+36 1.000000000000000042e+36 1.000000000000000042e+36 1.000000000000000042e+36 1.000000000000000042e+36 1.000000000000000042e+36 1.000000000000000042e+36 1.000000000000000042e+36 1.000000000000000042e+36 1.000000000000000042e+36 1.000000000000000042e+36 1.000000000000000042e+36 1.000000000000000042e+36 1.000000000000000042e+36 1.000000000000000042e+36 1.000000000000000042e+36 1.000000000000000042e+36 1.000000000000000042e+36 1.000000000000000042e+36 1.000000000000000042e+36 1.000000000000000042e+36 1.000000000000000042e+36 1.000000000000000042e+36 1.000000000000000042e+36 1.000000000000000042e+36 1.000000000000000042e+36 1.000000000000000042e+36 1.000000000000000042e+36 1.000000000000000042e+36 1.000000000000000042e+36 1.000000000000000042e+36 1.000000000000000042e+36 1.000000000000000042e+36 1.000000000000000042e+36 1.000000000000000042e+36 1.000000000000000042e+36 1.000000000000000042e+36 1.000000000000000042e+36 1.000000000000000042e+36 1.000000000000000042e+36 1.000000000000000042e+36 1.000000000000000042e+36 1.000000000000000042e+36 1.000000000000000042e+36 1.000000000000000042e+36 1.000000000000000042e+36 1.000000000000000042e+36 1.000000000000000042e+36 1.000000000000000042e+36 1.000000000000000042e+36 1.000000000000000042e+36 1.000000000000000042e+36 1.000000000000000042e+36 1.000000000000000042e+36 1.000000000000000042e+36 1.000000000000000042e+36 1.000000000000000042e+36 1.000000000000000042e+36 1.000000000000000042e+36 1.000000000000000042e+36 1.000000000000000042e+36 1.000000000000000042e+36 1.000000000000000042e+36 1.000000000000000042e+36 1.000000000000000042e+36 1.000000000000000042e+36 1.000000000000000042e+36 1.000000000000000042e+36 1.000000000000000042e+36 1.000000000000000042e+36 1.000000000000000042e+36 1.000000000000000042e+36 1.000000000000000042e+36 1.000000000000000042e+36 1.000000000000000042e+36 1.000000000000000042e+36 1.000000000000000042e+36 1.000000000000000042e+36 1.000000000000000042e+36 1.000000000000000042e+36 1.000000000000000042e+36 -1.940940813210918423e-02 -5.163830165308013614e-02 -8.858254870683787696e-02 -9.636319691163618140e-02 -4.275898848392087337e-02 6.131693849842232563e-02 1.589992959535409534e-01 1.931617845999596683e-01 1.548148512821764522e-01 8.892909731327136580e-02 5.731746055962851083e-02 9.322164459938846182e-02 1.811182288447304167e-01 -0.000000000000000000e+00 3.130793257766371074e-01 2.876428273306454453e-01
